0.0
0.0
0.0
0.0
0.0
0.0
0.0
0.0
0.0
0.0
0.0
0.0
0.0
0.0
0.0
0.0
0.0
0.0
0.0
0.0
0.0
0.0
0.0
0.0
0.0
1.883156268230391E8
1.0700639286765491E10
3.261256523717925E10
3.6725407749257336E11
7.883585095987373E11
2.60051443893534E12
2.0160167638969204E12
3.988210816912854E11
1.786945068271382E10
2.2272577982750716E9
8838215.596229076
0.0
1.6062714418609864E8
1.8387262003472998E9
5.34335301710683E9
1.0010104398928578E11
4.533905952671659E11
1.0757717580609707E12
9.47272912602176E11
1.7531673283722345E11
3.0012032420767696E10
6.777630439939266E8
5.612367126970939E7
0.0
1.9837597077723452E8
1.5950695501853468E9
1.4413155135895151E10
1.2879605011707617E11
1.9849467898933817E11
2.7452719441014288E11
2.049416910086588E11
5.063255918674886E10
5.006881994609515E9
2.988228696262467E8
6.301558095525685E7
0.0
9.935348228200082E7
5.854544990452895E8
6.941910156336681E9
5.963249648516745E10
7.83989315916903E10
1.4968367868345157E11
6.7316863466561806E10
2.064017559664232E10
4.920527734768937E9
9.787584309059482E8
2.052042499789243E8
0.0
1.122036123347779E8
1.1646357579612494E9
1.0682512438636252E9
1.2098972985601551E10
3.304439493531034E10
0.0
9.443498679181613E10
3.021767946241739E10
3.3215337401869836E9
1.4187791740312417E9
1.5261908419615486E8
0.0
2.265586947429308E9
4.2484874999619546E9
1.2243855378437498E10
1.7741073269639553E10
1.1597455582795801E11
2.480900105282946E12
3.4734153097578674E11
1.6806994867377106E11
4.828131785061388E10
2.0887445837138085E9
7.598850327148156E8
0.0
6.449402533796669E9
7.70931562388771E9
4.194451635545673E10
1.1956480473420897E11
1.1279923388215464E12
1.8620495233360117E12
1.1301642688079243E12
9.184345622286394E11
2.270400547771295E11
2.358293124338104E10
3.8904826878750343E9
0.0
2.5953151149107437E9
1.3636188740214973E10
1.5663157283840506E11
5.674366112125992E11
7.924584195462926E12
1.6689290829951215E13
1.0073689661955312E13
3.782070837326727E12
4.40205750466375E11
1.8306822835466754E11
3.6169133274839386E10
0.0
8.388574451218807E9
2.4813851943896866E10
4.495838687648052E11
7.318848546838145E12
3.0881013442030492E13
8.725488900546956E13
3.3267724373176445E13
4.7464833857590205E12
1.114742452391671E12
1.9486406732904065E11
5.9856925055216095E10
0.0
1.6214198499699278E9
1.0851371734810417E10
3.756248578882118E11
1.3933941205720307E13
4.125156768551319E13
4.2276230259039825E14
6.378229059612521E13
2.5410872202728306E12
1.0470407132099432E12
4.4442853404527905E11
4.043813000746571E10
0.0
0.0
0.0
0.0
0.0
0.0
1.5461144709303975E13
0.0
0.0
0.0
0.0
0.0
0.0
1.2316219929698181E8
2.0387884445026712E9
1.0656481530553452E10
1.1940617646739175E11
5.212775356701017E11
4.1264261650772314E12
9.123651020932316E11
1.216192506167429E11
1.7684268592066498E10
5.2414951728813946E7
1.6508054850010287E7
0.0
1.4721566049217147E8
2.4558073107277074E9
4.650127187893015E9
6.7587495039623055E10
2.3746754706385477E11
5.24506012861762E11
3.458080306098297E11
6.886004736997998E10
5.99122385971044E9
2.6564557283208853E8
4.133396542375321E7
0.0
6.990773262278926E7
5.1906645215229595E8
1.2520249799087711E10
6.3264190462137146E10
9.921003764288765E10
1.5177285054588754E11
5.977358084992715E10
3.565203731770408E10
5.00647671808678E9
7.626104327298884E8
1.3892546957028583E8
0.0
4.126527916172174E8
3.4085762167977744E8
2.3518258415710945E9
2.9341298139540627E10
3.3862751128624794E10
6.362023566585751E10
7.760034670097334E10
3.082881781118333E10
7.613918349670202E9
8.624127437939072E8
7.469673660945821E7
0.0
1.217320072115001E9
3.2625218652863936E9
5.376593767709298E9
2.250560705871958E10
1.2920615806573068E11
3.0771971894843266E10
3.161702505748857E11
1.1566519771389268E11
2.9718409031166046E10
4.932045680055851E9
6.314335033394732E8
0.0
7.825149936270744E9
1.328490226406431E10
3.6882348347208046E10
7.356060357891545E10
7.075437930168322E11
0.0
8.855508748933553E11
8.09438003937688E11
2.2232173823734726E11
2.6697762460564003E10
3.0069954735546794E9
0.0
2.1001047177017379E9
8.91411586390515E9
7.899176980585785E10
7.117956450037656E11
4.0917079420111304E12
1.0794008180164023E13
3.8830553584891426E12
4.467941997257745E12
8.847602577378693E11
1.6609195237604572E11
2.618109053262813E10
0.0
1.0206293183196356E10
6.397981296562044E10
5.318792261758705E11
4.498961051942291E12
2.203098633539112E13
4.4880380825719555E13
2.933663069304147E13
1.050980348023667E13
7.764596030444219E11
2.9188040425290533E11
7.545301511576233E10
0.0
5.034949578863439E9
4.089465281027363E10
4.376821133801196E11
1.2659099987373414E13
4.5490403973577664E13
1.917764144229887E14
6.493833856480786E13
1.1840999328430951E13
3.12482889365769E12
6.433429143514329E11
1.9354421500038385E11
0.0
1.9193565341698632E9
4.522651540736459E10
2.0568379684982803E12
1.9763944133361E13
6.863107323221239E13
4.574033253806887E14
9.520173164283925E13
2.7645633537749516E13
1.3933622039157983E12
1.4755092614217526E11
3.610099333974948E10
0.0
0.0
0.0
0.0
0.0
0.0
0.0
0.0
0.0
0.0
0.0
0.0
0.0
0.0
0.0
0.0
0.0
0.0
0.0
0.0
0.0
0.0
0.0
0.0
0.0
0.0
4.758589266733618E8
5.259139662924308E9
5.529205024075934E10
2.4136637959669095E11
1.7579132048857969E12
2.7750256134392354E12
7.401545284404379E11
9.33198335064929E10
1.5454247291086168E10
2.066067635553418E8
0.0
0.0
9.897528426444425E7
1.6259518222831304E9
7.02856019897236E9
2.6152944112703073E11
8.145880807975619E11
1.463035567888232E12
4.421995442459006E11
1.2903321620087355E11
9.603426751795713E9
5.583058625981181E8
0.0
0.0
3.086825583314066E8
3.970065350478455E9
1.5604330501348993E10
1.1599995112811137E11
2.3012507717171088E11
4.33431800906613E11
1.4617131497619766E11
1.9314389301613136E10
2.4232134589774475E9
3.169185874250739E8
0.0
0.0
1.0359960565221272E8
1.0225049575094459E9
1.355520307438194E10
3.519667954607882E10
7.926819151016954E10
1.1685637959896527E11
7.426254124095982E10
3.079952240526688E10
4.374816991739543E9
1.1301279918565836E9
0.0
0.0
2.890416674974085E8
3.878235154378725E8
4.2519953269343495E9
1.6235506194999048E10
2.2136291269857372E10
3.3233044581095013E10
1.014335761382008E11
3.757978447241133E10
8.98873524148073E9
9.153312959767815E8
0.0
0.0
1.8762116481594386E9
4.586181774919685E9
8.263649266556657E9
2.0849740870132164E10
0.0
3.043453941088521E11
2.6186960142015952E11
1.1507992323153366E11
9.86201429775341E9
3.4884257765083704E9
0.0
0.0
4.903502981039582E9
2.6006265497170696E10
4.411615498875089E10
1.4668677495018286E11
7.218204902177628E11
1.4435517429883054E12
7.672753366667615E11
1.0156296785040515E12
1.7543172905922E11
2.0656949759809677E10
0.0
0.0
2.3942654455427017E9
7.289335383672892E9
1.0647074016680183E11
7.39904076249206E11
6.122764036890881E12
1.7929593644159938E13
1.2113902543711547E13
5.544943290999433E12
1.2005115157850088E12
1.852216672550597E11
0.0
0.0
6.7646727504314575E9
1.1403323861762532E11
1.036812606947165E12
7.323335910577489E12
2.393022794268672E13
6.344061290103631E13
2.4544449675275914E13
5.549186085205249E12
6.881807372711714E11
1.93945051789474E11
0.0
0.0
7.76930608819059E9
2.056435223105351E10
8.005560880833394E11
1.96236704947469E13
6.263863941779803E13
1.3373378839155594E14
4.586533057418458E13
6.952152539260441E12
1.4197826281028606E12
3.287080392532898E11
0.0
0.0
2.548271136288471E9
3.051547253233098E10
1.3794551544773162E12
1.8761696405395113E13
3.3140621525500375E14
3.808112010494155E14
1.0928690307840506E14
6.834071547518057E12
8.812501276014569E11
1.4700310885721014E11
0.0
0.0
0.0
0.0
0.0
0.0
0.0
0.0
0.0
0.0
0.0
0.0
4.494645627678804E8
4.037214897345214E9
3.969542755747852E10
1.915836802093096E11
6.367682737718322E11
1.9167987295517434E12
2.487841562875252E12
3.2236507327290405E11
1.006377322098832E10
2.4640848688937964E9
2.0882199862680845E7
0.0
1.3625740372466174E8
9.830298342987604E8
8.916081285581905E9
4.915707913202213E10
4.9075414770153674E11
1.304188401619614E12
1.702585246659006E12
2.5495345578274362E11
3.469451226649821E10
7.942603068280811E8
1.5111977878901044E7
0.0
1.9262371553439748E8
1.8339378599142625E9
1.5828345328529007E10
5.133430096587519E10
2.1960080701398883E11
2.9180667680306134E11
2.726415681046873E11
3.561325180981877E10
5.720765232036605E9
3.93828033901324E8
8.022617141092889E7
0.0
1.3895259962967217E8
5.478092815322235E8
7.017306253040133E9
5.242760250097515E10
7.551288816277913E10
1.3823672255170288E11
7.553275265264993E10
3.0045291076189877E10
1.0235917842470554E10
8.737653334540583E8
2.1562880897747546E8
0.0
4.1210279646092474E8
8.543202925350008E8
2.783762484154603E9
1.7074899332478127E10
4.517234763812385E10
4.336387462119589E10
9.152987289070613E10
3.2297081733707962E10
1.079758607542385E10
1.5675569849275608E9
1.5921692848688877E8
0.0
1.9289015529562025E9
6.54390331919384E9
7.750415758356245E9
1.9769896220521893E10
5.538842896025774E10
1.7234849840937564E11
0.0
1.9776171503143512E11
5.276207832858205E10
5.532627009728399E9
4.9271728707990813E8
0.0
3.2059453348820972E9
1.9409598616275993E10
5.7250815379797424E10
1.4110555974640265E11
4.434930819102395E11
2.612472580371066E12
6.29092690814072E11
9.193262228596746E11
3.3180512803089307E11
3.3070247819100445E10
2.9435568179265733E9
0.0
2.3065974193669996E9
1.1486636524853788E10
3.0336401923878677E10
7.66028310538728E11
3.4319528243978403E12
1.2943388517254682E13
1.0436493117484459E13
3.578094779438203E12
1.9692511478233892E12
2.799710273377896E11
4.573477991572723E10
0.0
1.0964413477173874E10
5.610983934365962E10
7.020916156906703E11
4.150676406569972E12
2.2268969552340938E13
6.828762603831342E13
3.3672869115997566E13
1.1173467575445984E13
1.498810951593722E12
1.140154414226262E11
3.7726711413339455E10
0.0
7.740100373438658E9
3.1728104810210373E10
1.6031230917834238E11
3.0857714893714893E12
3.481867511248062E13
1.1312195732744544E14
1.0990919432028334E14
2.716531150006652E13
2.5594681304013403E12
5.581617785481256E11
1.069945658133558E11
0.0
1.4588999490780544E9
2.1812111242039623E10
1.978213506637225E11
7.911969037201659E12
6.685771043263368E13
3.4836079472073775E14
3.1053386697539675E14
3.641661031090745E13
8.754692695846781E11
7.78928863653078E10
8.919281385089508E9
0.0
0.0
0.0
0.0
0.0
0.0
0.0
0.0
0.0
0.0
0.0
0.0
0.0
0.0
1.655110798328207E8
8.435888259864857E9
4.627544798054432E10
1.5460460503569202E11
7.276586814406506E11
4.824825356207953E12
1.0195518543952887E12
1.2011144859221329E11
1.2442096969976685E10
1.6933918855933852E9
6923959.160293638
0.0
1.0361069498645177E8
1.3595674000755894E9
8.51058150875498E9
1.3586981357775912E11
5.869265195182701E11
2.383022334492E12
1.0188215629502952E12
2.2016499354029654E11
2.236472920718921E10
1.5250774828054726E9
4.564957782093838E7
0.0
1.347867305052503E8
1.6885607092958636E9
3.662194805448309E9
1.0236056877920546E11
1.8063073285420004E11
3.7108646278186224E11
2.1844651481549124E11
3.0172926209421436E10
4.0311940528062954E9
3.242235150663581E8
6.430747244446337E7
0.0
1.2921181120023347E8
9.903902690068754E8
1.0035893888493559E10
4.13999153304304E10
5.256692114238513E10
2.33195744793127E11
8.5268792117464E10
1.896015777275417E10
8.214136775269253E9
6.293653565914783E8
1.5775056243122303E8
0.0
3.341179304486389E8
3.1942791054771024E8
3.163933666057656E9
1.6667603165707355E10
3.3724896520697548E10
5.8730838866908745E10
7.339084506513461E10
3.30338812395881E10
4.736484820548029E9
2.265692421724003E9
5.672037847204873E7
0.0
2.0103803743079414E9
3.29525587973279E9
6.178679435371594E9
2.2832793196412933E10
3.69438307521086E10
0.0
4.401867167358551E11
2.365040181869275E11
4.055321623688358E10
2.438168375140741E9
8.517241737969165E8
0.0
6.465846104321896E9
1.6124152330152634E10
5.014433346634963E10
1.4385340809497168E11
6.224032099577808E11
2.841147238491389E12
7.316991959933143E11
9.855154622927144E11
2.3974934978490012E11
1.8204516394081E10
2.4873432798974905E9
0.0
1.1693120808857565E9
1.0094314561231318E10
8.725167967187949E10
7.318357102941914E11
4.182659237589332E12
1.5891081377430541E13
8.33358809733971E12
4.501853196170904E12
3.4908363951352026E11
1.2416420319792383E11
4.22995876962094E10
0.0
1.1728142508866243E10
9.921911043404822E10
4.621517703434064E11
4.688739737437836E12
2.193831856298103E13
6.568763827437115E13
2.599688880811586E13
6.821312979620612E12
1.3020216277151914E12
2.0161760791688165E11
6.859844492805131E10
0.0
5.878076335543809E9
3.639069147628977E10
7.480574767729741E11
1.0309251564872162E13
4.43593441630127E13
1.6063285027781572E14
6.268335248284534E13
9.680220524531834E12
2.5992124659759424E12
4.62662904242817E11
1.2991380215015942E11
0.0
9.866020720471176E8
3.8219059015557013E9
9.224292091673298E11
6.043718181711524E12
1.0484481738400312E14
7.080057900775515E14
1.112933074389808E14
2.144342079828241E13
6.734412816591179E11
3.05893619500706E11
2.971092827454735E9
