0.0
0.0
0.0
0.0
0.0
0.0
0.0
0.0
0.0
0.0
0.0
0.0
0.0
0.0
0.0
0.0
0.0
0.0
0.0
0.0
0.0
0.0
0.0
0.0
0.0
26538.6228451317
826189.8252663164
6674853.495882058
5.3218911664751515E7
2.9441975163068175E8
7.697805370400711E8
2.1750375214071E8
3.534564342139566E7
2890236.083425964
282463.41065763996
34216.0564348028
0.0
106510.35907619016
2848401.7047622874
7937134.260778786
6.638805657280593E7
2.0456849016055605E8
3.757588046076182E8
1.037882006957556E8
4.4928048303363614E7
2274509.5144743584
265149.9079369411
31777.373255559418
0.0
402032.04399483267
1452626.0967834843
3440567.340361286
2.0458323452462852E7
7.216653850828743E7
1.57338974014263E8
6.080196031052128E7
1.4768980940192943E7
2200170.9969119867
412584.5625922179
90773.88063405774
0.0
67066.29688417783
229205.5580398106
1840131.529870124
7533836.617842021
2.39622447964982E7
3.655910463222036E7
2.083560742208804E7
6395264.464219971
653901.2695095653
105302.96878739024
40223.93682979803
0.0
102314.17606561464
248648.10381073802
1643425.1555873696
2659676.468092354
2.09437861366242E7
0.0
9319548.00918483
1691633.2632247265
740908.9578057455
201231.17382552993
82065.49335547944
0.0
198529.6789713186
620902.9155931823
1941143.835800914
5085789.0109672425
2.549661022217565E7
3.914001021543722E8
5.305562372518141E7
9619705.096861959
1609581.2414948912
340495.50304849056
159267.87235415762
0.0
302522.571016102
1035343.906566861
4276249.879230304
2.6440533656047642E7
6.0877133064282514E7
5.326096265841335E8
2.5785005734757674E8
6.710679626316785E7
8506664.476373477
955805.4149660389
490348.70817860554
0.0
947291.7633897614
933278.7091388244
9995558.98439205
7.61289555623024E7
3.3196357225522316E8
1.191784332664321E9
5.881113572889411E8
1.3175336772062875E8
3.1968205954430968E7
3534348.279298452
398234.053483124
0.0
432251.7790563307
1493117.0172240012
1.848348969765009E7
1.4199306499729812E8
9.713001901522633E8
2.6547337587997217E9
6.52406771309396E8
2.4080166683395404E8
4.6331990142329894E7
9156970.482042119
875035.1200347244
0.0
255962.71157165532
3335029.645184615
4.449879384349137E7
2.0181411526979995E8
1.4938425799582508E9
1.0215865097100698E10
1.8738258320218155E9
4.299627129579145E8
7.553619323834786E7
7692061.796888268
239540.46904083135
0.0
0.0
0.0
0.0
0.0
0.0
4.928079340205631E9
0.0
0.0
0.0
0.0
0.0
0.0
26503.03660040274
602006.7974927328
6946079.904219245
1.754665207662559E7
1.9853800480000398E8
9.846361707409693E8
2.1901573986553967E8
2.7701600978970774E7
1019158.5963647505
34146.83885015445
20301.219223963522
0.0
339253.2808645352
1009881.8265674962
6392150.1100717345
1.6711475571057029E7
8.609055794061098E7
2.960230220002213E8
7.149014570945673E7
1.4344651612518743E7
4120022.35164617
193576.75156026697
37275.06232549551
0.0
128638.76037904875
201715.49333682028
1827538.4935352434
7288725.334314016
3.408139414907209E7
6.097286629948203E7
2.4740473334375355E7
4415002.972113343
539595.5682559693
169132.11727717982
41713.831269549926
0.0
150513.13540542743
175788.2813621956
2013863.5548813418
4619267.591984412
1.2047568007162707E7
1.6718186854923775E7
1.2803016275937837E7
2167064.0102285547
427563.79459289473
107825.63765497744
56561.2943620126
0.0
327661.3328040171
566931.2728624332
3268506.9633932174
9773545.671621023
3.6798523704734065E7
1.784700921810901E7
4.5513404088526465E7
6386674.760975016
1899686.368136101
382663.1326598538
160024.3718729141
0.0
433105.18090123835
1049179.315357968
5810092.916009659
1.6634312847642958E7
9.019756652712497E7
0.0
1.4185390595590603E8
4.987318361550459E7
7967369.2983043445
1202588.9899807603
305877.3750992201
0.0
907916.4636450586
2852714.632354172
7915384.714989977
5.068018553326729E7
2.3599320840954944E8
1.492720977285615E9
5.3157835725018275E8
1.756620044371662E8
2.4917368644459967E7
3271244.748756494
386122.64107141027
0.0
619811.3549490236
1860136.548250144
1.6579352118617916E7
1.338287803594463E8
6.578348764668585E8
2.969076945044326E9
7.792476649844431E8
3.333586238104567E8
9.787723582645343E7
1.2699083831842996E7
952010.1896417531
0.0
662518.2652413574
4015585.393529279
5.8779448621839285E7
1.7540012487237602E8
2.2254562916246386E9
4.709590097408969E9
1.3371062992181933E9
7.218219988204935E8
1.0734775809845984E8
1.3090386737212893E7
1573975.0639587212
0.0
412758.0851193201
1251097.0473504576
2.8928862931001447E7
5.42835574993284E8
5.523491586634447E9
8.655830797674221E9
3.516735337352315E9
4.098602521521871E8
8.587547150896446E7
5068321.0178255495
509357.1586986105
0.0
0.0
0.0
0.0
0.0
0.0
0.0
0.0
0.0
0.0
0.0
0.0
0.0
0.0
0.0
0.0
0.0
0.0
0.0
0.0
0.0
0.0
0.0
0.0
0.0
0.0
40245.98813556893
1029612.7118702254
7900129.77739438
7.975503704410686E7
6.813045688552287E8
6.603203099910563E8
1.2685842890807095E8
2.7570204358188406E7
3383665.7513637682
328607.1187742253
0.0
0.0
92522.13397228903
1398265.4668014466
1.0299479678745247E7
5.497120702759448E7
2.435714900493029E8
4.20439939584577E8
7.878385734282161E7
1.2558101928128814E7
1083091.8806031272
210010.1019854066
0.0
0.0
415296.04238019435
1976216.421058244
5415259.887321104
3.6594068141011275E7
1.0995517609636666E8
1.42065448686873E8
5.301960002435096E7
1.4548689720598796E7
1010686.8807421903
344825.5817187474
0.0
0.0
80983.89173091762
429038.570316824
2361782.754944782
9960974.043776453
1.6988562049307164E7
6.398764829343885E7
2.000501728296048E7
2071217.898845707
429966.1861521745
183054.2820880115
0.0
0.0
135489.40839243043
460705.94381763996
1745094.3855289223
4380623.464378713
1.0737817386544418E7
1.1556752264937311E7
1.0202733177910633E7
1474248.4840614814
457611.06323048746
131978.17276847982
0.0
0.0
241658.2072343368
842750.3014975833
1926679.5670518607
9067607.889286235
0.0
4.5409677709231585E7
9265119.37894513
5135028.527253037
969534.5027081533
418624.04455146746
0.0
0.0
318796.0696614675
1855118.8747194775
6315993.159677573
9704492.526942909
8.120732823131707E7
2.99039008731483E8
1.8399418674567983E8
4.928300212673886E7
7060065.915494842
1845048.562212234
0.0
0.0
559878.1584543608
1815539.2012545934
6294696.771669666
7.372043549868046E7
2.337299408870673E8
1.6121527053001804E9
2.9992431014642376E8
9.53257396528381E7
2.951448183992163E7
1725792.4155422247
0.0
0.0
418854.27580998687
1553802.0383343834
1.5032588774578825E7
2.2503024481091636E8
9.487477126847365E8
1.7289625167040915E9
6.629793462611449E8
3.288761084587783E8
5.164676330200299E7
5197723.945601971
0.0
0.0
392215.934244575
8209340.301995515
6.332506949726763E7
3.239584155905656E8
3.7128132415165253E9
3.617541723248292E9
1.455782003068355E9
4.0189954162392235E8
4.940505920055274E7
4968001.669207854
0.0
0.0
223262.33331187585
2232786.333471335
8.206419945019364E7
7.243107373351457E8
9.619129744588144E9
7.899359377827517E9
1.6471728918499196E9
2.5712585880500233E8
2.445049727641385E7
2023453.145564437
0.0
0.0
0.0
0.0
0.0
0.0
0.0
0.0
0.0
0.0
0.0
0.0
16650.859219057693
535667.3730226962
5835995.79510527
2.7874517341527697E7
1.4710574359783596E8
6.626824475016332E8
7.94958507267038E8
5.9016806895134114E7
5464466.866169106
285163.85376872274
37775.135161445665
0.0
63249.35665390821
353429.02945479006
8892438.371866936
2.4268485251587804E7
1.4765104165488213E8
4.233062969407013E8
3.014509757248E8
3.166040484840515E7
4234457.678311248
284983.21142766165
37910.17343636501
0.0
370128.8837774729
1636185.3813868137
5821829.228976069
1.5344573551963137E7
6.6600929331186876E7
1.0627732325524154E8
5.461518002833752E7
2.7295495612695325E7
7060521.663818615
402626.04624417116
102508.51827871657
0.0
92635.54123711465
224792.21842309376
1362303.3687817764
5659553.576583288
1.4388328728237757E7
5.53336690957699E7
1.980050062842381E7
4074226.7405209686
356415.75454341253
139104.70474628307
56166.25248172558
0.0
141801.02736509911
300575.6812636275
1348455.404705945
4793740.973102427
1.11561587913165E7
1.54302213582485E7
1.0667756775155852E7
2283141.582333686
567142.516488016
139622.33956698916
70162.83248966868
0.0
372559.03228456515
634858.3927964853
2102646.3273722352
6543781.164700776
3.4425882109500065E7
4.207624292698995E7
0.0
9921995.026959287
1549403.2613679166
355837.73472031456
156535.16229561766
0.0
436235.65753800067
998554.1982726739
5508819.322224352
2.0607996071479518E7
7.654128026225112E7
3.509580201029887E8
2.3687183848145565E8
9.690963591766566E7
1.1461759421619233E7
1604234.0569396582
421565.79295928415
0.0
763712.0710791291
2697297.963308137
1.055506142971123E7
3.861568820160079E7
2.1947045937332293E8
1.0977998433050919E9
6.261843564844819E8
1.3112931676240759E8
3.966577975025446E7
9089272.249686854
682575.277867286
0.0
726113.0862704631
2007323.4744903205
1.36453083646706E7
1.0820398532285622E8
7.462203732798994E8
1.597696354784076E9
8.030383165089743E8
3.599189841575988E8
1.136789353873437E8
1.3584733524938397E7
1726638.2555556265
0.0
346112.02992738906
1467332.8138100256
3.731646217008585E7
2.2280435557200485E8
7.078465331120602E8
2.9316236815530915E9
2.172445352248021E9
6.788942646767614E8
1.4983026752085578E8
1.4904370133893775E7
904683.9885287364
0.0
108643.97807794038
1334793.4176107685
1.445284931704656E7
3.452855546340161E8
1.6846528489981875E9
1.433176800417118E10
9.493848216952562E9
9.563498902387772E8
9.631590272306356E7
5183000.407240112
267840.68349374353
0.0
0.0
0.0
0.0
0.0
0.0
0.0
0.0
0.0
0.0
0.0
0.0
0.0
0.0
19603.567896193374
537663.9537675988
9281842.228740543
4.73090560530623E7
3.1701775981928957E8
1.4409509154801579E9
2.8697644265762675E8
2.73569298636353E7
3465408.7274863943
206271.6449062134
41335.95105480546
0.0
26353.103603446845
1700835.5334728651
7404283.753549874
3.2439111033798374E7
1.2535728453800192E8
4.5652359223320794E8
1.411695837580985E8
3.582423264847126E7
2923263.4192375056
374905.84537858353
28967.16650778543
0.0
391941.0067030638
965605.7063876946
2988804.282512225
4.22630635456099E7
3.825100129567288E7
1.716319139716439E8
9.601326572578625E7
1.728379629466933E7
2836334.119127426
397781.5435897163
63805.42519942979
0.0
93062.72825200052
354277.6967892407
1888537.5693110367
6026360.304000058
2.919801323652172E7
3.699024935202782E7
1.75242186656883E7
4398361.531855651
285491.16806518123
227718.66100472107
31788.25420754086
0.0
194121.64471938668
261497.64378312678
2658726.1251650993
4228378.6355204955
1.0785829654420545E7
1.6309591374253098E7
5980406.816003043
2973682.639725039
413719.3469268762
155132.88320107677
70428.43486388955
0.0
308197.8066252893
602149.7197777609
2364594.3694365723
7265057.996283695
1.0571800348672114E7
0.0
3.899981286696649E7
5763822.059890289
2642770.081516191
422525.8013482168
228741.54882442715
0.0
508997.1230671169
1225001.8543389826
8902636.673249248
2.397943634027301E7
6.443711766976104E7
3.6340441742035615E8
2.662977572303635E8
3.857333100974547E7
1.245915979227115E7
1151635.3960332987
507867.5797065298
0.0
493184.6827343687
2561351.3868387416
1.5245319246626407E7
7.635651061214335E7
1.5823363503525087E8
1.5251156181683779E9
7.008210386780366E8
6.52000452729204E7
1.7601527241594132E7
4729116.091851866
418013.94061079976
0.0
383009.8487223663
1330548.0197258145
1.1118227303393751E7
1.0467197479452674E8
4.166468916046356E8
2.948191714484292E9
8.0438589389903E8
2.1845734274657947E8
8.002104102423324E7
1.0365724274758752E7
547730.3707803909
0.0
470962.1982413666
9488382.090505548
5.336779743109438E7
2.6559143580145872E8
2.547200046273865E9
5.932086853767377E9
1.2803434410639534E9
5.607705361202309E8
1.0735793722335695E8
1.062211202655567E7
656301.854335749
0.0
296137.9597073032
739873.0728140047
6.904342377672407E7
3.203143416949065E8
2.6619575310973587E9
2.7509156866203857E10
3.468292081684191E9
4.0053362465834373E8
5.299265562988098E7
4210590.561066676
213037.0647629676
