0.0
0.0
0.0
0.0
0.0
0.0
0.0
0.0
0.0
0.0
0.0
0.0
0.0
0.0
0.0
0.0
0.0
0.0
0.0
0.0
0.0
0.0
0.0
0.0
0.0
0.0
0.0
0.0
0.0
0.0
0.0
0.0
0.0
0.0
0.0
-0.015000000000000003
0.0
0.0
0.0
0.0
-0.0075000000000000015
0.0
0.0
0.0
0.0
0.0
0.0
-0.015000000000000003
0.0
0.0
0.0
0.0
0.0
0.0
-0.0075000000000000015
0.0
0.0
0.0
0.0
-0.0075000000000000015
0.0
0.0
0.0
0.0
0.0
-0.015000000000000003
-0.015000000000000003
0.0
0.0
0.0
0.0
0.0
0.0
-0.0075000000000000015
-0.0075000000000000015
-0.037500000000000006
-0.030000000000000006
-0.1875000000000001
0.0
-0.1725000000000001
-0.022500000000000006
-0.0075000000000000015
-0.037500000000000006
-0.022500000000000006
0.0
0.0
0.0
0.0
0.0
0.0
0.0
0.0
0.0
0.0
0.0
-0.0075000000000000015
0.0
0.0
0.0
0.0
0.0
-0.0075000000000000015
0.0
-0.0075000000000000015
0.0
0.0
0.0
0.0
0.0
0.0
-0.0075000000000000015
0.0
0.0
-0.0075000000000000015
0.0
0.0
0.0
0.0
0.0
0.0
0.0
0.0
0.0
0.0
0.0
0.0
-0.0075000000000000015
0.0
0.0
0.0
0.0
0.0
0.0
0.0
0.0
0.0
0.0
0.0
-0.0075000000000000015
0.0
0.0
0.0
0.0
0.0
0.0
0.0
0.0
0.0
0.0
0.0
-0.0075000000000000015
0.0
0.0
0.0
0.0
0.0
0.0
-0.0075000000000000015
0.0
0.0
0.0
-0.0075000000000000015
0.0
0.0
0.0
0.0
0.0
0.0
0.0
0.0
0.0
-0.0075000000000000015
0.0
-0.0075000000000000015
0.0
0.0
0.0
0.0
0.0
0.0
0.0
-0.0075000000000000015
0.0
0.0
-0.015000000000000003
0.0
0.0
0.0
0.0
0.0
0.0
0.0
0.0
0.0
0.0
-0.0075000000000000015
-0.0075000000000000015
0.0
0.0
0.0
0.0
0.0
0.0
0.0
0.0
-0.0075000000000000015
0.0
0.0
0.4193359549191428
0.16430625000000001
15.692720515625002
0.0
0.0
0.0
0.0
0.0
0.0
-0.022500000000000006
-0.0075000000000000015
-0.015000000000000003
-0.022500000000000006
-0.33000000000000024
0.0
-0.1800000000000001
-0.022500000000000006
-0.0675
-0.030000000000000006
-0.045000000000000005
0.0
0.0
-0.0075000000000000015
0.0
0.0
-0.0075000000000000015
0.0
0.0
0.0
0.0
0.0
0.0
0.0
0.0
0.0
0.0
0.0
0.0
0.0
0.0
0.0
0.0
0.0
-0.015000000000000003
0.0
0.0
-0.015000000000000003
0.0
0.0
0.0
0.0
0.0
0.0
0.0
0.0
0.0
0.0
0.0
0.0
0.0
0.0
0.0
0.0
0.0
0.0
0.0
0.0
0.0
0.0
0.0
0.0
0.0
0.0
0.0
0.0
0.0
0.0
0.0
0.0
0.0
0.0
0.0
0.0
0.0
0.0
0.0
0.0
0.0
0.0
0.0
0.0
0.0
0.0
0.0
0.0
0.0
0.0
0.0
0.0
0.0
0.0
0.0
0.0
0.0
0.0
0.0
0.0
0.0
0.0
0.0
-0.0075000000000000015
0.0
0.0
0.0
0.0
-0.0075000000000000015
0.0
0.0
0.0
0.0
-0.015000000000000003
-0.0075000000000000015
-0.0075000000000000015
0.0
0.0
0.0
0.0
0.0
0.0
0.0
0.0
0.0
0.0
0.0
-0.0075000000000000015
0.0
0.0
0.0
0.0
-0.0075000000000000015
0.0
0.0
0.0
0.0
0.0
0.0
-0.015000000000000003
0.0
0.0
0.0
0.0
0.0
0.0
0.0
-0.0075000000000000015
-0.022500000000000006
-0.030000000000000006
6.157350250810799
0.0
141.87647753453535
6.216130583598073
0.0488772893740361
-0.0075000000000000015
-0.015000000000000003
0.0
0.0
0.0
-0.0075000000000000015
0.0
-0.0075000000000000015
-0.015000000000000003
0.0
0.0
0.0
0.0
0.0
0.0
0.0
0.0
0.0
0.0
0.0
-0.0075000000000000015
0.0
0.0
0.0
0.0
0.0
0.0
0.0
0.0
0.0
0.0
0.0
-0.0075000000000000015
0.0
0.0
0.0
0.0
0.0
0.0
0.0
0.0
-0.0075000000000000015
0.0
0.0
-0.0075000000000000015
0.0
0.0
0.0
0.0
0.0
0.0
0.0
0.0
0.0
0.0
0.0
0.0
0.0
0.0
0.0
0.0
0.0
0.0
0.0
0.0
0.0
0.0
0.0
0.0
0.0
0.0
0.0
0.0
0.0
0.0
0.0
0.0
0.0
0.0
0.0
0.0
0.0
0.0
0.0
0.0
0.0
0.0
0.0
0.0
0.0
0.0
0.0
0.0
0.0
0.0
0.0
0.0
0.0
0.0
0.0
0.0
0.0
0.0
-0.0075000000000000015
0.0
0.0
0.0
0.0
0.0
0.0
0.0
0.0
0.0
0.0
0.0
0.0
0.0
0.0
0.0
0.0
0.0
0.0
0.0
0.0
0.0
0.0
-0.0075000000000000015
0.6169406219140626
0.0
0.0
0.0
0.0
0.0
0.0
-0.037500000000000006
-0.015000000000000003
-0.022500000000000006
0.38933595491914275
11.043198939273948
292.5697487802703
0.0
0.7027575464760165
-0.045000000000000005
-0.015000000000000003
-0.0075000000000000015
0.0
-0.015000000000000003
0.0
0.0
0.0
0.0
0.0
-0.0075000000000000015
0.0
0.0
0.0
0.0
0.0
0.0
0.0
0.0
0.0
0.0
-0.0075000000000000015
0.0
0.0
0.0
0.0
0.0
0.0
0.0
0.0
0.0
0.0
0.0
0.0
-0.0075000000000000015
0.0
0.0
0.0
0.0
0.0
-0.0075000000000000015
0.0
0.0
0.0
0.0
0.0
0.0
0.0
0.0
0.0
0.0
0.0
0.0
0.0
0.0
0.0
0.0
0.0
0.0
0.0
0.0
0.0
-0.0075000000000000015
0.0
0.0
0.0
0.0
0.0
0.0
0.0
0.0
0.0
0.0
0.0
0.0
0.0
0.0
0.0
0.0
0.0
-0.0075000000000000015
0.0
-0.0075000000000000015
0.0
0.0
0.0
0.0
0.0
0.0
0.0
0.0
0.0
-0.0075000000000000015
0.0
-0.0075000000000000015
0.0
0.0
0.0
0.0
0.0
0.0
0.0
0.0
0.0
0.0
0.0
0.0
0.0
0.0
0.0
-0.0075000000000000015
-0.0075000000000000015
0.0
0.0
0.0
0.0
0.0
-0.015000000000000003
0.0
0.0
0.0
0.0
-0.0075000000000000015
0.0
0.0
0.0
0.0
0.0
-0.0075000000000000015
-0.0075000000000000015
1.2338812438281253
0.0
0.0
0.0
-0.015000000000000003
0.0
0.0
0.0
-0.030000000000000006
-0.015000000000000003
0.9888684772106738
193.60633797830246
0.0
65.31023627745974
0.23112419448993612
-0.037500000000000006
-0.045000000000000005
0.0
0.0
0.0
-0.0075000000000000015
0.0
0.0
-0.015000000000000003
-0.0075000000000000015
0.0
0.0
0.0
0.0
0.0
0.0
0.0
0.0
0.0
0.0
0.0
-0.0075000000000000015
0.0
0.0
0.0
0.0
-0.0075000000000000015
0.0
-0.0075000000000000015
0.0
0.0
0.0
0.0
0.0
0.0
0.0
0.0
0.0
0.0
0.0
0.0
0.0
0.0
0.0
0.0
-0.0075000000000000015
0.0
0.0
0.0
0.0
0.0
0.0
0.0
0.0
-0.0075000000000000015
0.0
0.0
-0.0075000000000000015
0.0
0.0
0.0
0.0
0.0
