0.0
0.0
0.0
0.0
0.0
0.0
0.0
0.0
0.0
0.0
0.0
0.0
0.0
0.0
0.0
0.0
0.0
0.0
0.0
0.0
0.0
0.0
0.0
0.0
0.0
1.9976098272738322E15
1.2503743398593584E16
1.40100050954623248E17
1.28441790269952026E18
1.7184498996961753E19
1.3582069701985478E20
2.2928268160504066E19
3.5167240476595077E18
8.9663465337567072E16
3.42684616988473E15
4.404769353650806E14
0.0
7.109601980241986E15
3.4014796270372784E16
1.70695124013023232E17
1.86734676162103501E18
9.567705157170682E18
4.455455986085762E19
7.1228670829087846E18
4.7878492381667666E18
1.85139971765361376E17
1.006594228963383E16
2.9903416294548675E15
0.0
3.733219865303954E15
2.2728664927802388E16
1.2060421701375288E17
5.9647646906827098E17
3.3384455376841697E18
7.2641843201263698E18
2.6764937522296458E18
1.36587057429014323E18
8.6095615133752672E16
2.2208158406659028E16
5.53794650092241E15
0.0
9.598217278883406E15
1.3134188842697986E16
3.3049784265727144E16
3.6213270280379987E17
8.755357277707383E17
1.86090696122742835E18
3.0513184899782973E18
8.9398943669732211E17
2.31179278874890368E17
6.5075641786452216E16
1.4714144111112896E16
0.0
1.2904729032185664E16
1.4526678437144122E16
1.73908915362275104E17
7.4569690377928448E17
1.57496198615336755E18
0.0
1.8203739953006866E19
3.2343546343441618E18
7.26428729908016E17
2.11820348180079392E17
5.1429015801372688E16
0.0
3.419140522379018E16
1.07017522740083536E17
1.622446111217424E17
2.5012842188438702E18
5.5003192000438559E18
6.846213646638702E19
7.124626905913284E19
1.3296074081038725E19
3.8280798637794775E18
7.1832897151313984E17
7.422640939847376E16
0.0
1.71990408619516064E17
4.4271358009870522E17
5.1505409752293824E17
2.085954725183128E19
5.898349730482369E19
2.4896747549538137E20
1.533006959007487E20
5.421271262103942E19
9.895501439193694E18
1.47535166860911181E18
3.110115310930304E17
0.0
3.2521320720839264E17
1.17231947231064064E18
1.3796419526510207E19
8.503391604522494E19
6.024723354987343E20
1.0142360183059031E21
4.737381455265928E20
1.1910151506028508E20
7.205043140595202E18
1.67584837836028339E18
1.82814459803227488E17
0.0
3.0094373809903802E17
5.0269363613480172E18
3.619518492369371E19
3.489392604016563E20
1.716604302313191E21
9.18401773834155E21
1.6099575202370814E21
1.614019335225267E20
3.400115032327489E19
2.681224707294507E18
5.098897323486697E17
0.0
4.0223087563372128E17
1.8895232247004201E18
2.36626678821726E19
9.7612526776851E20
4.341670302102338E21
3.2796200800005237E22
6.193643766703392E21
4.502383983405283E20
1.019827741014101E19
1.95029882633196902E18
1.14823962814031712E17
0.0
0.0
0.0
0.0
0.0
0.0
4.7402708473692855E20
0.0
0.0
0.0
0.0
0.0
0.0
2.456163930613971E15
2.4185922528962324E16
1.07984544227359936E17
1.54445786426906957E18
5.9878600025956936E18
1.4760535311840205E20
6.3849497421027789E18
1.37195788935033907E18
9.2999097242366784E16
8.880229697870662E15
1.1968388855115005E15
0.0
4.4334360287459375E15
1.083871720247143E16
2.16833946660911968E17
4.3278752460714214E17
3.1398259981506084E18
1.390236134790783E19
3.973057148025428E18
8.792386071931305E17
6.360636339898976E16
1.3946549020989796E16
1.3886169383839552E15
0.0
5.849455379099666E15
2.4585762307954712E16
5.9431576389661E16
3.422281800123351E17
1.87526662193706982E18
1.67762468562077235E18
3.2702417178674893E18
1.32359522150271258E18
8.5022863936279616E16
4.4011139610130656E16
1.4536958095142836E16
0.0
1.4946263031595768E16
2.9604058075376708E16
1.23034816708426544E17
6.0339758287421286E17
4.0229187337132155E18
3.1267202125344911E18
1.0933018484166791E19
3.5725600114557286E18
6.7574762400725773E17
1.7523517802935168E17
5.3120588459606504E16
0.0
3.5956028563762816E16
1.05114201411875152E17
3.3550728644801971E17
1.22583415395319885E18
1.0433999749316868E19
1.82011701333881702E18
5.79306749908296E19
1.4928342319947327E19
1.37090698797338368E18
5.7626930239986982E17
1.3615343898818464E17
0.0
1.23049087281060608E17
3.6843140696378144E17
1.00532965377454323E18
9.430831714442652E18
3.5597209380189815E19
0.0
1.554649141730879E20
7.709937145342398E19
1.9690095779837587E19
1.35048547529561216E18
3.1141201570868986E17
0.0
4.6722588381938368E17
2.4305928370776013E18
4.9326662204346706E18
7.826107095520913E19
2.997003249958522E20
9.160276001166781E20
4.8630414777060085E20
7.406915872922952E19
6.9221531600564654E18
2.4153536632890675E18
2.06267068427032864E17
0.0
4.6800259134579187E17
9.992796035651955E18
5.618057381670363E19
3.28232788798828E20
1.7935464978430443E21
4.1999953846141096E21
1.2252010500292592E21
4.069132412090644E20
2.9345479663301296E19
5.5758152961894134E18
3.510391049738265E17
0.0
1.02284805615590246E18
6.7880416800504392E18
5.8160529726895096E19
1.3242854690818726E21
5.595632722776988E21
1.3023010875507705E22
4.777459080601527E21
6.605164743513105E20
2.994186415063772E19
2.6793553542910469E18
6.7183353362416896E17
0.0
5.38193898790328E17
3.3519681346754908E18
7.269398373847898E19
8.732157005153457E20
4.936490467279273E21
3.653915166972707E22
5.545873674792131E21
3.824578801756853E20
5.15291996959551E19
2.6935889972681738E18
7.6827543244597104E16
0.0
0.0
0.0
0.0
0.0
0.0
0.0
0.0
0.0
0.0
0.0
0.0
0.0
0.0
0.0
0.0
0.0
0.0
0.0
0.0
0.0
0.0
0.0
0.0
0.0
0.0
9.00819352354836E14
9.524073993402952E15
9.7442334435543584E16
2.4728870294433756E18
4.25129128882088E19
8.525292504495622E19
1.3540739539859618E19
4.3277712707222842E17
2.9514848905870384E16
3.1241903175441835E15
0.0
0.0
6.578127364586976E15
5.475156919040504E16
3.0186483762169062E17
2.3148228348220964E18
1.7363999713071503E19
4.463652025671775E19
1.3030297874055594E19
1.48640014921536384E18
1.64400386534620416E17
1.3375940207139354E16
0.0
0.0
2.200853480266435E15
1.5867788452598216E16
1.46400061342185536E17
1.22797721881631206E18
4.8705077070669271E18
1.0932986613904423E19
1.02344462056572314E18
4.5251929489645139E17
8.5007584090014192E16
1.993541667791182E16
0.0
0.0
9.218156007991074E15
3.3397169722192796E16
1.08490367251245488E17
4.4135642520501901E17
8.9974798361191718E17
1.40841965137563341E18
1.98976420093316224E18
1.03376350334764378E18
3.5022277221766413E17
9.7025951009670704E16
0.0
0.0
1.72313848231336E16
6.1095197732156312E16
3.4074200455748038E17
7.1604867585042816E17
2.8819940074833572E18
4.3365261464999803E18
1.2683767178610113E19
3.8935849627487171E18
5.8539942458501363E17
1.54369687564517408E17
0.0
0.0
5.2648421185405136E16
8.677962703708192E16
3.6037092926657562E17
2.0527170340514135E18
0.0
6.274754000903885E19
2.8970899606797345E19
1.1634432590506195E19
2.550102814814954E18
5.2354147593956352E17
0.0
0.0
7.1983632388569168E16
4.0554785586444134E17
1.64546497689859686E18
2.2891044082854863E19
6.755251632784943E19
1.6511937966355857E20
2.3702221905987997E20
6.487360184311489E19
5.3823092221140951E18
1.84641093657640499E18
0.0
0.0
4.7837953389574285E17
2.3775166418583142E18
1.3825763177032122E19
1.0324995748297005E20
3.65573434207505E20
1.2482464399614673E21
3.075742262673617E20
5.035954059096785E19
9.745834328168933E18
1.12789491088349683E18
0.0
0.0
9.8794539405192909E17
6.0052977391840625E18
7.495650737731168E19
6.34366448850689E20
2.4209749961718366E21
3.6439449341681153E21
1.203704159709738E21
3.102991229684111E20
1.9860708627625255E19
2.00998964601377664E18
0.0
0.0
7.9914620490156429E17
7.5742541938047427E18
8.560253709480098E19
1.6019346936296327E21
7.026785013430184E21
1.6519649824995312E22
4.2899821115737595E21
2.6459114169038307E20
2.474647450367319E19
3.075975977719465E18
0.0
0.0
2.23464546228330784E17
5.8765961356149389E17
5.894778630230039E19
9.6294609213222E20
1.958687428545606E22
1.7700919653610673E22
1.9838573527746357E21
2.336012385860121E20
3.9347230542374896E19
1.47426726478055987E18
0.0
0.0
0.0
0.0
0.0
0.0
0.0
0.0
0.0
0.0
0.0
0.0
1.272299296909904E15
6.766587891760006E15
5.7556732289302696E16
6.7231575115832192E17
4.4887325446398382E18
3.898212437107504E19
6.698904758380724E19
3.8028839135320719E18
8.6286179631957136E16
4.195178246461974E15
1.5537529072166772E14
0.0
4.4216293122714985E15
1.6706972258732002E16
1.26049473783825568E17
6.3728136773814528E17
6.4063136516806185E18
3.3822777646681395E19
2.6373282864596017E19
4.3029469431596846E18
2.09465559725504064E17
1.4529892963756138E16
3.781157912326365E15
0.0
5.14561544373681E15
1.1148643536763616E16
7.2387330324779376E16
8.721286414471145E17
3.4799827368294595E18
6.9373279045664113E18
2.9243474035430789E18
1.36679215199521229E18
1.13769534608554944E17
2.0312111018215164E16
2.401417708570413E15
0.0
1.0835245000167384E16
3.4536822040621412E16
7.9133689085328032E16
3.6020323690100429E17
1.73831742444816589E18
3.4634333799863936E18
3.4483862880760561E18
9.7268015333925158E17
2.17131808494850304E17
5.9602866913746576E16
2.7333775933372312E16
0.0
1.0027348397418422E16
4.0666159390136968E16
1.32555631849770576E17
7.002743233412247E17
2.25542995720330394E18
2.8406501690293729E18
1.5333326759449584E19
3.761387827215746E18
9.2925485932954214E17
2.12985550092256352E17
4.3685500020538136E16
0.0
5.1822425014932992E16
8.807126186677552E16
3.1610080331401946E17
9.558654924488832E17
6.9070261898186291E18
7.5908879090516756E18
0.0
2.382233242364692E19
4.1995100050248059E18
3.5575877356251725E17
1.23510591714933728E17
0.0
1.08547478550859104E17
3.0818490921508947E17
1.0592010644272489E18
9.417859533375859E18
5.2664959389897105E19
1.9832664730516082E20
1.0908914981959564E20
5.011919713533364E19
1.3525428237036995E19
2.09713360994309094E18
2.38351629437502176E17
0.0
2.60564088122497632E17
1.72390648659478221E18
7.3692571729475922E18
7.340438335719129E19
3.8682454516020766E20
1.39355761496606E21
5.3911682890895334E20
1.2005760817511516E20
7.8070762988116869E18
1.23624079347799629E18
2.493056310000216E17
0.0
5.8979764135313562E17
2.8913784580066068E18
3.920899420158236E19
4.0810955090499286E20
1.8566326574683364E21
5.205940939378043E21
1.7091174485149992E21
3.53684995400633E20
7.56427421431529E19
2.25498042315301325E18
5.0135420352676832E17
0.0
8.0005782758243994E17
3.1114405209594184E18
3.3422297355861164E19
2.4227752064622225E20
4.117552342068787E21
1.514379945278667E22
6.470893516793232E21
1.2006473305230866E21
4.6381405888032465E19
2.7960704109654067E18
5.0619690724482982E17
0.0
6.2303881271536752E16
2.8616425050357222E18
1.4017224674768284E19
3.481568582174596E20
2.3066748950630168E21
1.8069970848294986E22
1.4864847370421545E22
1.0523181019407596E21
7.944861735146855E19
7.2401691277232323E18
3.3303021209190288E16
0.0
0.0
0.0
0.0
0.0
0.0
0.0
0.0
0.0
0.0
0.0
0.0
0.0
0.0
1.0681042412913962E15
4.432898820716722E15
1.46952736628441664E17
6.5293554823886605E17
1.2867635214581107E19
2.056818011512819E20
1.5580071521790022E19
2.09460206810393344E18
3.860193267672948E16
1.130084406103677E15
1.3960894038099356E14
0.0
4.503983322323705E15
4.6196707782055528E16
2.50494763923076608E17
1.17603387308996608E18
6.2683395192648714E18
6.005934494408357E19
1.377129599228035E19
3.325713157592617E18
7.8656044281201056E16
8.716647271320818E15
4.2892995783669525E15
0.0
5.554778963631177E15
7.343876542549184E15
9.2887473812913984E16
4.7825085555309229E17
3.2053481360071629E18
1.074114600022659E19
2.9069504072159099E18
6.7112699433415142E17
4.0675633763545296E16
2.5005632456419468E16
2.253669252820187E15
0.0
4.2853327567266335E15
2.8596847266008468E16
6.9127015642453088E16
8.3922201655387187E17
1.47774241972625971E18
3.9548589089385917E18
3.0419832169734764E18
8.3025438363005798E17
4.490814330636608E17
7.0976828295436016E16
1.4415409652589736E16
0.0
1.4618048732951664E16
3.8020567912422712E16
1.95574711404635648E17
6.2631659039144653E17
3.3073433709349228E18
2.9462286190264172E18
9.603446761400244E18
3.3171361624279122E18
7.9573198376743488E17
1.28160322659285472E17
6.676358239847772E16
0.0
3.7333238122981608E16
8.2509033775582736E16
2.51067623268400192E17
1.67316486705227418E18
5.9918240268678298E18
0.0
6.469010310350239E19
1.487191878293119E19
2.7158316971140326E18
3.1760619960037261E17
1.45433117462742112E17
0.0
1.3088993682498032E17
2.66368598240288736E17
7.7751927473230387E17
1.2552085085274382E19
2.3750347933122335E19
1.758778325531989E20
1.710281804471199E20
6.283714930161167E19
7.2308913389942661E18
2.09466760307914522E18
2.63693276201072768E17
0.0
5.8434191927643891E17
1.32945652670178432E18
1.3971126352771903E19
9.500110712333656E19
2.5880401292633178E20
1.3080995486486532E21
4.008701680570759E20
6.572232125268729E19
8.6059364667231621E18
2.06617954843920205E18
1.63060605366449184E17
0.0
3.751583062919927E17
6.6365950964407112E18
4.481458980129823E19
3.3389842904784654E20
1.1936303583048761E21
8.674208301624393E21
1.902424951527498E21
3.822249349509014E20
2.6094412272924545E19
4.3414176746218906E18
3.9095862199661939E17
0.0
5.4931705364675885E17
4.6573571066960701E18
6.214134041270036E19
8.491787486989312E20
5.384112534606665E21
2.0767632093712845E22
7.43203579160932E21
1.4904914174861058E21
1.922810175833374E19
6.0523831138366034E18
5.7213535891633184E17
0.0
2.56006554607144896E17
1.91605581223548211E18
5.246290204216104E19
3.8409657584146114E20
9.1388474925091E21
5.145817588292185E22
5.333082004644089E21
5.472629095346228E20
3.1785648730676986E19
4.0973101130529249E18
3.2673883912806824E16
