0.0
0.0
0.0
0.0
0.0
0.0
0.0
0.0
0.0
0.0
0.0
0.0
0.0
0.0
0.0
0.0
0.0
0.0
0.0
0.0
0.0
0.0
0.0
0.0
0.0
849.9171799035274
26902.395118083514
1636368.849578653
1.9197032928201374E7
3.917480077910125E7
2.524196179260797E8
8.03316679118293E7
1.2770279608714767E7
1640953.2750423183
29347.55193171153
1144.9252639204383
0.0
16119.668989607868
172942.94037080416
1882984.028026798
9542523.033826023
3.2538319642943338E7
1.1046481224773595E8
4.26546629106988E7
1.0001627553592334E7
1352520.0283498915
165722.7727595502
8509.050243452672
0.0
30445.324320595708
165794.84230813326
832005.2765701583
5536614.807758525
7459112.222430275
4.197745317260532E7
1.3818282833905095E7
3310163.5009451094
1111442.8000228938
152584.35502538487
45748.350674171255
0.0
13519.723853141324
57421.965721082655
297007.39616074297
2334588.1999702235
3986024.9025052134
1.4966602776489293E7
4346147.168496847
1800040.3573049547
365127.7399173162
60708.06534492977
27770.920047266518
0.0
42812.56341574012
70426.55063511842
411970.64434987475
856839.4827422316
3014399.89636337
0.0
2021280.5857150238
512260.5289186099
294908.04807452456
130494.32173558538
62767.51370922882
0.0
87078.8401603452
259376.74852688113
718867.637592951
2195416.453743045
5452603.370795223
5.6398150110205896E7
9524810.052494954
1176764.431125158
473631.5050512196
308487.7665608042
89582.02485433899
0.0
95669.3549136133
491038.6225262283
1096799.220646555
1.0332616657838529E7
2.6377380658168707E7
6.5513479586309195E7
9.440728088202484E7
1.923107385996034E7
3352936.631158897
796924.4153951468
255486.25806665694
0.0
176189.04029204822
459312.9699863591
4167932.920741581
2.502693563038272E7
9.148621305402236E7
1.7754709650032008E8
1.2432227683258386E8
5.2577819165731914E7
4135363.7276361384
2034252.5174968715
251541.79816203492
0.0
124463.55556443453
321707.5546264045
7826418.279684911
6.131447735684271E7
4.095666414046321E8
9.258311556360817E8
1.6772400936102644E8
8.780450797973497E7
2.107034529863594E7
3231032.601189398
654131.9023466406
0.0
131239.52239780317
1316895.5723026562
1.0564525855981424E7
6.109088569940701E7
7.495087213143338E8
4.716877804610357E9
9.458036405300379E8
1.9835594069587433E8
3.4174899116307534E7
5592346.830864777
239540.46904083135
0.0
0.0
0.0
0.0
0.0
0.0
1.444973068646482E9
0.0
0.0
0.0
0.0
0.0
0.0
7565.368419553771
65324.38268744561
1402493.9348524164
8239098.464320473
2.3081542925043926E7
2.9581809916004854E8
5.9509570119060844E7
1.3863154529159646E7
520933.3932756874
34146.83885015445
113.3910009800997
0.0
34391.39389512045
87713.04993414496
1367310.6101157432
2147024.361834333
9321394.813333154
7.031566289479062E7
1.830040489832362E7
4504508.832601436
1557914.5460643105
78273.92075029392
9260.329787369472
0.0
15979.01497569074
47965.7272518907
331516.8349244567
1582693.1033421354
4043127.25436732
1.5951221082388313E7
7851313.005300293
1456510.7883035445
209398.3804038842
67771.77637752077
16031.173405749521
0.0
42327.267549962125
78133.01378942147
304661.4204350205
648378.2861298593
3014558.642286234
6447597.84982885
2446500.4339782763
1053012.9280390823
257417.67069441685
35086.936148282504
49760.30855741375
0.0
113004.8587721071
181404.13512127136
806578.3471228884
2055934.4856315819
7562557.46809242
4196520.621576232
5340022.982550696
1025847.7758726004
566482.1981852604
204020.4813814089
134024.8949894804
0.0
138333.02949322577
605668.9115741029
1639919.4501662683
8660666.314438079
1.4860772277470708E7
0.0
3.1372882331357874E7
8845462.435676342
2093059.1543636774
622601.1755931758
273080.3757774918
0.0
297423.5071830589
876423.7585408016
2936391.981190102
1.879533099464921E7
6.803881278940806E7
2.27854157420855E8
1.5204804017081937E8
5.570108161295522E7
9266931.817120962
2134524.4817720186
312776.51341086574
0.0
85280.98248693932
846110.1667282288
8333641.783847983
5.118928953747189E7
2.1730911562274927E8
5.551042064410051E8
2.761209094585788E8
7.586640571504949E7
2.7941949633892015E7
4650429.064296139
550869.4443129215
0.0
197482.07742247352
3218960.2434934014
1.8954219983287666E7
1.3760960600827467E8
3.9270877879122335E8
2.1025319672990646E9
6.011413851730051E8
2.290591870585511E8
5.693390980638844E7
7236066.691044704
799747.810043537
0.0
157121.16030710534
1001876.1747665424
1.4242915426557865E7
1.0636674204082975E8
1.337555594770833E9
4.0903918049468865E9
1.2736512577074504E9
2.8322727181125814E8
5.261513822177243E7
4029174.9335779613
275361.7163019296
0.0
0.0
0.0
0.0
0.0
0.0
0.0
0.0
0.0
0.0
0.0
0.0
0.0
0.0
0.0
0.0
0.0
0.0
0.0
0.0
0.0
0.0
0.0
0.0
0.0
0.0
779.6803632614233
128554.44341890428
1750989.7517708805
1.6625351303382823E7
1.5912008134373382E8
1.8714903475371215E8
5.0962200428437114E7
7216170.7823727485
346190.0591346226
7920.279923533479
0.0
0.0
15193.635423025122
109662.51349662416
2287998.2071757675
1.7856357287121143E7
4.428044407700731E7
1.474866805160862E8
3.49558560885697E7
4109452.505667584
584866.6775140642
53964.326316740146
0.0
0.0
54887.81067990635
299192.4835542361
1326211.6068149405
4542072.733000509
1.3703564180414084E7
2.5098913810739193E7
1.6264528990511656E7
5207374.683283004
691637.5516914558
200128.20496188747
0.0
0.0
15058.51117566336
92838.52898417738
436676.24939726014
2316118.259985209
4225854.179061532
1.3500009543392586E7
3483914.1303912024
976064.1828485504
334019.7020385813
83701.48262089382
0.0
0.0
48728.426018806305
76505.86246772556
266232.73044972756
1019689.4401490709
3477883.4869534355
4410427.443801971
2447380.818930153
753991.9638194628
306702.6526086512
77115.13010571133
0.0
0.0
104915.05870482922
195117.29547452813
770642.0488729189
3093498.1673994996
0.0
7430538.277666157
3095578.4282605103
716397.8735564179
684267.8255375254
265927.21287083306
0.0
0.0
169013.17457124355
533170.8437206091
2110807.8490201454
5766527.465497194
2.158870368810374E7
9.195352480193502E7
7.897434123772714E7
1.1502657336284544E7
2439625.296234279
771695.2781583129
0.0
0.0
220133.4292559572
787179.8057461538
1998564.246769098
2.020246528672884E7
6.79849244704949E7
1.454398419336891E8
1.4194816986375433E8
2.43842491793736E7
9783832.859984227
1225760.4949416977
0.0
0.0
63133.41534234151
646184.3232010829
6259097.823933759
6.6653364340185136E7
2.0049671182651743E8
4.4659533350201946E8
2.038128771187307E8
1.0351410280093583E8
1.811452870024657E7
4240884.179782301
0.0
0.0
301349.3139472476
1130314.7588475617
2.7786486916390967E7
1.5860199118748298E8
1.1038844993284955E9
1.7865821173908458E9
6.309296886627609E8
1.6612178018289313E8
3.893859209696951E7
3313111.55508665
0.0
0.0
166533.66306341818
1485123.7157195893
1.583397480811378E7
2.0851494384891614E8
2.98039313467568E9
2.1841268427923074E9
4.7850610672238636E8
1.1872759588684103E8
1.3284255107424123E7
1458872.3534989115
0.0
0.0
0.0
0.0
0.0
0.0
0.0
0.0
0.0
0.0
0.0
0.0
566.2566633046671
5082.470793465423
659266.9851231806
5314945.8970942125
4.321649984304641E7
1.6080653732771447E8
2.2353910224997228E8
1.3090686397125196E7
1433004.3403761901
9014.87485555319
702.7349510613832
0.0
10428.98540386479
89481.30861150782
775466.9927299852
6273026.408817673
3.409234363491862E7
9.027282207692215E7
7.581153175353724E7
1.1124139078432739E7
818523.4639502813
97175.57906206744
12866.125085860764
0.0
20035.36303810343
224787.26921895114
1147199.7873913797
3963740.2728929566
1.1526712053182293E7
3.0967473440409135E7
2.285427021576702E7
7968916.643685434
2676197.3752504117
300882.8119188543
28606.420516562735
0.0
13614.056166401155
30928.596050782908
213924.0364941015
1063888.5230896166
4848619.38928772
1.1887719008150332E7
6253230.22728637
1020625.0065223271
286044.0113585463
55955.23404834642
25608.296350149976
0.0
29770.2313759392
92265.37967746421
200415.9935610189
985790.1598100617
3144712.5892498456
5435270.780123121
2584954.3358462
991550.3465253868
473578.34449502436
123108.57658271164
45721.33369013812
0.0
94701.12386951386
309343.4843954854
713632.259137993
2269072.1923902924
5895631.123214732
1.2569786117410863E7
0.0
1401649.6792077753
482957.22676511947
320694.4852450939
142246.1295432135
0.0
186294.55000330848
426050.0283773915
1553643.5149650814
5205974.327332085
2.2204925167670246E7
5.851118190593629E7
7.509348329227014E7
2.7842987142258354E7
3048939.3406872703
936105.2978747488
181156.10632235915
0.0
237974.95387608465
932614.2806812616
3086572.3290114165
1.9967844231778696E7
9.144127337794107E7
2.6078763723450306E8
1.251165709634138E8
4.810073017113991E7
1.1898138418656707E7
2355269.324009719
358347.35281560797
0.0
95809.23653004815
637362.2562434641
2988236.946705422
3.217007910092841E7
2.0676086834170714E8
8.784174394054991E8
2.2265392933407918E8
9.355276516576165E7
3.171766301855646E7
6888928.224325201
843025.3848032916
0.0
159027.2461666108
670707.6637741479
1.4639600220591586E7
7.982436751934597E7
3.299016575815569E8
9.317033934335814E8
1.0892268260728383E9
4.1514516517689157E8
6.095684231026171E7
1.0704940201846791E7
693543.9675874026
0.0
73099.08199911551
836351.672442938
5864021.707856829
6.6298260176858306E7
4.29854501552163E8
4.1144045701989646E9
2.7684340748847976E9
2.7437656113697135E8
3.7603710387712896E7
3364821.812981392
267840.68349374353
0.0
0.0
0.0
0.0
0.0
0.0
0.0
0.0
0.0
0.0
0.0
0.0
0.0
0.0
573.7909478401331
24167.80028692624
1880838.4230337793
6620660.13143762
6.03823203985594E7
5.532223587117352E8
6.191219675658532E7
5982694.939845229
637621.9270879827
8650.253908049457
2701.7524096718744
0.0
11179.911089038736
56678.33749424525
1600274.629279385
8670550.512613466
4.2146831365796134E7
8.133975588112034E7
4.328975919545497E7
1.2163074977322102E7
717071.1089679591
154877.0038925166
6216.552025742639
0.0
30763.756257885685
134068.37303080386
837211.6913551892
5202776.908550547
1.6063510388247564E7
2.5519297939843077E7
2.139374302133073E7
5103035.785219724
1362954.5104346594
223689.6208859695
27285.293950423536
0.0
7249.759184108301
33813.062436264
247295.0885422673
1863065.6498176465
5627381.864335683
1.3740023073245898E7
1.0360341063686945E7
1563586.2609406414
224263.5169182863
69575.17075850315
22778.444788460314
0.0
40962.194873325665
88343.2064287164
260893.99034296942
744081.147436027
3254723.807150354
4694826.294014674
2971239.9408763736
935507.7294449315
255259.08595610727
96790.89028989844
52235.43298518486
0.0
125257.77180715457
307318.902150991
607812.3332731549
1701683.9272228521
6331815.918978515
0.0
9490582.280573362
779879.0668609702
873705.4307489708
335281.80359218223
174164.00643618513
0.0
186314.3080435014
750009.467192417
1167686.642713592
1.0623217945414878E7
2.0451454332090348E7
5.479045135148476E7
8.836544505135414E7
1.1912674556926435E7
2894971.834794494
642387.6365392811
119386.839311364
0.0
101056.36281110713
874945.1803982276
2004696.7203719
3.447816687616017E7
8.658570889920002E7
1.7913650351372644E8
1.2113792280536087E8
4.275873465274391E7
8047681.613374357
1813143.6422999017
219226.91425468854
0.0
127201.9222010163
744843.288427016
7016542.368025379
3.829790421813528E7
9.810053134061395E7
8.304913461506712E8
1.5386045034195912E8
5.7021051079443075E7
3.356730683080819E7
2759282.286441586
547730.3707803909
0.0
130649.19959633482
3653722.466107879
2.2827847471514218E7
1.1871462915637496E8
7.374144857026235E8
2.291443721729213E9
7.249289555394121E8
3.120302939822601E8
4.307133033189204E7
1.062211202655567E7
445161.8333944152
0.0
122182.71413755458
739873.0728140047
1.009702852508403E7
1.1121433335166281E8
7.969582976739032E8
1.1010419844983824E10
1.0632812964761449E9
1.445938101694657E8
4.29008100794995E7
2042282.892688036
65038.33105277531
