0.0
0.0
0.0
0.0
0.0
0.0
0.0
0.0
0.0
0.0
0.0
0.0
0.0
0.0
0.0
0.0
0.0
0.0
0.0
0.0
0.0
0.0
0.0
0.0
0.0
2.0850429553117038E14
3.235992181822687E15
1.2283720506076198E16
1.30842227175717456E17
6.9837908843023347E17
1.19308861879926605E18
3.9515853176735789E17
3.2580926476726784E16
6.998824426780719E15
5.281357396651915E14
1.3513794407480584E13
0.0
1.6904599034919695E15
6.075834865529963E15
4.1386170203557704E16
8.7522538531847904E16
2.65153507639085024E17
8.2456840215681702E17
2.3600645533439936E17
6.2360010160727456E16
7.120396440073809E15
7.730911148665411E14
1.6427741190923756E14
0.0
8.932232185641512E14
4.833883913166618E15
1.2486414524062098E16
7.0749004698773312E16
1.42127715201666048E17
3.2402570874652102E17
1.40287606379717424E17
2.2089397251571224E16
9.867927257097166E14
1.76474369046474E14
9.901970599348503E13
0.0
9.377799557572448E14
2.7298893140168655E15
3.4227674233965315E15
1.0484600776904204E16
4.8783860770373376E16
1.40544689665735552E17
1.7478776409245568E17
3.9302673938005088E16
7.518360114669015E15
1.9372037562427172E15
5.917456645759164E14
0.0
2.1061932098360455E15
5.622871516467202E15
2.555259290784898E16
5.0672446868352464E16
1.30507915797522224E17
0.0
6.1521195301574298E17
2.9539946241822099E17
9.3207418469936784E16
6.992860322561637E15
3.767994950954572E15
0.0
6.854591339007228E15
3.0407042161792936E16
8.299405895024752E16
1.06615085472171392E17
3.9565051882571878E17
3.8787401445550131E18
1.37106720758484864E18
7.9972510557354867E17
1.40981823353126816E17
5.6445798632091152E16
7.928561317006282E15
0.0
2.3493955090064924E16
9.2627768066674816E16
1.9731469108012896E17
9.0838492588482778E17
1.69147128522502886E18
4.0923859723658015E18
1.051569926907238E19
1.60383057261087974E18
5.2912153942582182E17
1.33726053003447536E17
8.1896369189826544E16
0.0
5.7376107081914208E16
1.04590538053712464E17
5.7866007671283354E17
3.457432832052949E18
1.2374420281767016E19
5.7771125672941535E19
3.946992067404601E19
1.42584831182114176E18
9.2701480704324416E17
3.2167172759083782E17
5.7746043015457008E16
0.0
1.01457339707512512E17
3.3148949567247821E17
2.5413133820311931E18
1.257900017757519E19
8.313782556583979E19
3.671134659015862E20
9.150748036035132E19
6.7549244640580547E18
2.5497865744469637E18
2.61838285624571136E17
8.5924168416613504E16
0.0
1.3554286240371428E16
9.1010303329719216E16
5.3909593055335875E18
5.825855782662581E19
3.733231544713068E20
1.9997929700329393E21
3.076472141702921E20
1.3272468161051572E19
2.5851550561016115E18
1.8884672303869424E17
2.274383162523386E16
0.0
0.0
0.0
0.0
0.0
0.0
7.1724335251426427E18
0.0
0.0
0.0
0.0
0.0
0.0
5.800697931207201E14
6.754673387904389E15
2.0042899283890232E16
5.0260223695695128E16
3.3515763229203802E17
1.56290104443241574E18
2.82218835544482048E17
3.6219659110935872E16
3.7701047095177415E15
1.0075475470802134E15
8.217002943172825E13
0.0
5.637818260957722E14
1.7408680758245078E15
2.147882967159396E16
5.2622873583872984E16
1.78872588099524992E17
5.3663412257336051E17
1.89132234468613952E17
3.0487196162239252E16
1.9927558736246472E15
1.7921971089724356E14
6.156428756237178E13
0.0
7.86031702194103E14
1.6903894036037485E15
1.4134077261521512E16
2.8275586231278624E16
5.721061800179844E16
9.6744549092705856E16
8.8041865682266816E16
2.6855419459165504E16
1.2955885159221685E15
6.76669544331575E14
4.026173225221931E14
0.0
2.4313023608351585E15
5.055357539496467E15
3.4361628283280132E16
3.8344131822311744E16
1.5745823738309872E17
5.253362783876184E16
6.0292369048721203E17
1.78974310858322432E17
3.9080311810941792E16
1.0719059787347026E16
2.1617049298764988E15
0.0
6.680268624883371E15
2.652891682791658E16
9.4366355023658288E16
1.25675180887213952E17
5.6162630518380198E17
7.2987928058896512E16
1.53826852569605427E18
8.9911227751809664E17
1.3248161270918752E17
3.3290781556489364E16
1.2121236154548854E16
0.0
2.5397316774029588E16
9.401268369931608E16
2.5264224156775312E17
2.84535190631916576E17
2.16675150777269043E18
0.0
5.8796914902348626E18
2.5104876749409782E18
5.2807805418593434E17
1.98456418706289568E17
4.5243851388028416E16
0.0
9.1440936852414016E16
2.1562302883523328E17
4.4575347720422771E17
2.843519146219926E18
1.3038322272399477E19
1.994479749743828E19
2.9705374670121026E19
5.5754057016300483E18
1.27212198852447949E18
1.91097605581214528E17
9.2162165167756032E16
0.0
1.29862837984336816E17
4.7606676496742707E17
1.7700127166276032E18
8.4643632756200694E18
6.042968197278386E19
2.697314867090385E20
9.112825125129206E19
6.0694184182209802E18
2.4646954237594199E18
8.143297885869655E17
1.06424424823350528E17
0.0
7.0756060070533544E16
3.7311380109048006E17
7.4409755767288177E18
5.885991122257919E19
1.983312978772239E20
9.070698217114598E20
1.5363007475130434E20
2.311788558233559E19
4.2305119415908147E18
3.2816451691735782E17
6.1680562626081616E16
0.0
1.3723564907590488E16
1.24386874377387008E17
7.1152037862827663E18
1.1188174750075847E20
5.8854494095480796E20
2.3000583706317952E21
6.04534089216543E20
2.127852108006422E19
5.0391736225741005E18
2.0323300725953408E17
3.388675027368951E15
0.0
0.0
0.0
0.0
0.0
0.0
0.0
0.0
0.0
0.0
0.0
0.0
0.0
0.0
0.0
0.0
0.0
0.0
0.0
0.0
0.0
0.0
0.0
0.0
0.0
0.0
2.425766293580778E14
2.6801096878250565E15
1.9157797815679608E16
8.2647178266278384E16
1.3455561277255895E18
1.16255883845509606E18
1.32067511738008144E17
2.6360200305221168E16
3.497082196473672E15
4.1440851306275106E14
0.0
0.0
1.0771366790160791E15
9.220540282196132E15
3.430057204431248E16
1.06156603157175488E17
5.8055220283130048E17
4.822306945422663E17
1.67460244276188864E17
3.373053790345708E16
6.870731201713019E15
1.399516929361932E15
0.0
0.0
9.489836704758042E14
3.759463497107974E15
2.6935697462507348E16
5.2301240095015136E16
1.82924011724603296E17
3.8676117002287411E17
7.4903418435110464E16
1.4135158438994828E16
2.550068909373094E15
5.479468369016809E14
0.0
0.0
7.476600980115412E14
2.8104296594735445E15
1.1573728728151002E16
2.5933453748930632E16
7.6090653319815456E16
1.93119867635078752E17
1.29623851182362832E17
2.256155167934624E16
2.420958758267041E15
1.2083293667268452E15
0.0
0.0
2.326339807478918E15
8.017642515403501E15
2.3917442905208744E16
4.3806816181253232E16
1.10297698676817232E17
7.1178587794785488E16
7.4314312897825549E17
3.5550502035023014E17
6.613211670062628E16
7.740296589082388E15
0.0
0.0
6.287724964049419E15
2.0068654670643464E16
1.37295611119121104E17
1.43858314653271104E17
0.0
2.07498339339198566E18
1.69920057436100736E18
5.7475757424464128E17
1.44209366735585312E17
3.1628274915829104E16
0.0
0.0
2.5347967951228176E16
7.0309453767613456E16
2.78797261972136992E17
7.1995759820051776E17
2.20694498584487526E18
3.4064401302727209E18
9.0450232872104499E18
2.17222499381549645E18
6.5686744888959398E17
2.08882445824592832E17
0.0
0.0
5.5137685235135032E16
1.33989682207516016E17
7.2912424550236518E17
2.9463393437819249E18
1.1326702872071004E19
6.219582401952884E19
2.026225484033719E19
2.6215635632804337E18
5.4524905719441562E17
2.1697949289657328E17
0.0
0.0
8.9335457706497184E16
5.3084559984651578E17
2.6237601471119242E18
1.5542653956173038E19
6.722589919738733E19
1.827385104352945E20
4.959196330657941E19
8.7060634552737341E18
2.2148195143161815E18
3.6593077073069645E17
0.0
0.0
4.399263486313856E16
5.212482616251033E17
1.2653839561910352E19
5.202769857782903E19
3.1112195494088665E20
5.841706598520496E20
2.0099730039621183E20
2.0592652715087565E19
3.0059365118757202E18
3.2806284580198234E17
0.0
0.0
5.543545369094587E15
1.5022998056255824E17
7.107578643263701E18
1.387138660425325E20
1.3907588124971908E21
1.2404327670691172E21
1.202142864846138E20
2.798017252015367E19
3.8375804804570112E18
2.5873976544749924E16
0.0
0.0
0.0
0.0
0.0
0.0
0.0
0.0
0.0
0.0
0.0
0.0
9.676212233246622E13
2.843104567228628E15
1.4283609620210352E16
4.8974476043251352E16
1.36463999787937088E17
1.42164191778401229E18
1.24425558856448794E18
5.5452758214146264E16
4.3149166126868125E15
5.1277192286090244E14
3.542137594992554E13
0.0
1.8717351180429845E15
6.214069885058316E15
2.647027486575092E16
7.329096126291008E16
1.96804139896818112E17
6.7673371448964237E17
3.1972880706053946E17
1.00152264867081344E17
1.2188910235516824E16
1.1390787458083962E15
1.9171833333324022E14
0.0
1.1095821640776814E15
2.6962472731693355E15
1.386146826485795E16
6.6039713192286816E16
1.38369925085694064E17
3.2767050355464992E17
1.69198424186821568E17
3.7738072980818184E16
2.939737666242775E15
5.832064202410259E14
9.005404098163253E13
0.0
3.466738962145426E14
2.6009707293852845E15
8.660828079424249E15
1.1138703448960172E16
5.6545155640446008E16
8.7701208343715104E16
1.30889094560479408E17
2.8666893633413216E16
7.220923609665704E15
1.3183426025538308E15
2.7611311047767894E14
0.0
2.836032070852188E15
7.800519753382319E15
1.5730903230149758E16
4.279046051169312E16
1.1242658322351944E17
4.5230318376039248E16
2.7763113831215136E17
2.04355513483417088E17
9.0748685866371456E16
1.3378632509563328E16
2.387255407884293E15
0.0
6.424663142707646E15
2.333341527213938E16
6.8550629976246624E16
1.37950884654307296E17
3.4517041438434298E17
4.6463265056742573E17
0.0
7.075730348411465E17
2.38451928076161856E17
3.328720381483754E16
1.077120323799847E16
0.0
3.11178185551538E16
6.6749695723306792E16
1.8228424044445584E17
1.05550564540001165E18
2.06235672200281242E18
5.2065299253397627E18
2.8115152661305651E18
3.3786998532124308E18
6.4877281923058867E17
2.34702834976160064E17
4.55813774803568E16
0.0
6.0021125757947248E16
2.22277659310733248E17
5.9087429717224102E17
1.99446375577596262E18
8.6656520121992458E18
5.241264616471552E19
3.674898756990582E19
3.1078232929071749E18
8.7707197078872435E17
3.2066629342774342E17
1.14778267343125088E17
0.0
1.61448402663696E17
4.8003114116208192E17
3.1702702016085847E18
1.0277474008940517E19
2.8772556226233147E19
2.3983511526244807E20
6.2183726310560825E19
1.7656032836687788E19
3.0548611140320343E18
4.5402424566880595E17
2.1869764374827744E16
0.0
5.416528915203152E16
1.85743173537413088E17
2.5857921630778793E18
4.123783540153775E19
2.160754502259462E20
8.807129427431187E20
4.06092287605885E20
7.706992821439382E19
4.4564535832263608E18
2.57564424386769312E17
3.2946712960009852E16
0.0
1.0967317601469196E16
4.1284677326178144E16
7.1073412730295872E17
4.45153358017726E19
3.572742497390768E20
1.0934156263003841E21
1.367331864844415E21
6.304580424652241E19
6.1752484503221207E18
3.8437397175043904E17
1.177926225280893E15
0.0
0.0
0.0
0.0
0.0
0.0
0.0
0.0
0.0
0.0
0.0
0.0
0.0
0.0
1.3399010821175127E13
1.80536611572668E15
1.2765830477945028E16
6.3966468126458856E16
5.8625825017511667E17
2.7119722890664274E18
2.86016132585163904E17
4.0366573895859096E16
1.6000877014912542E15
6.4763600463743234E13
6.830851885365812E12
0.0
1.4701447370159555E15
5.507308930106263E15
3.6556529243632544E16
8.5567910205886272E16
3.3067319732236883E17
1.00136778353989222E18
2.5534192093519904E17
7.513393343505776E16
7.260434402962923E15
1.771964214588266E15
3.184480134003326E14
0.0
1.2730938101354818E15
2.716321139983972E15
2.7128303767859096E16
6.254650316036764E16
1.71738357654783328E17
3.8971805969921229E17
1.50519953483017792E17
2.6514764812326396E16
2.258368413319734E15
2.604697403877595E14
1.4384916326710638E14
0.0
6.512117657061366E14
1.909041968173461E15
9.274420619486046E15
1.2645033219737444E16
4.4891019655876416E16
1.76574038404627648E17
2.39617101789253728E17
4.0484385851244816E16
6.747722385351973E15
9.598249195026554E14
4.430358539317851E14
0.0
2.317766286670454E15
6.973243504165512E15
3.886100246201648E16
3.6739051319047024E16
1.96349632792255008E17
4.7620758303850096E16
3.7450320853289043E17
2.7285568138772048E17
3.1730575093091832E16
5.085974247497599E15
1.2023646172281732E15
0.0
5.104480204880006E15
1.428721155129879E16
9.48764333896E16
9.3837672259990656E16
3.1052794844315571E17
0.0
1.91291271478003482E18
7.3172763620127296E17
1.2405583194926408E17
4.0343487507850512E16
1.5739606885295516E16
0.0
2.2814501586028816E16
9.278187691040936E16
2.22966330988338464E17
5.5112300321252794E17
1.59801541336914534E18
6.815337169717588E18
5.3394603750156472E18
3.6904535607339366E18
6.671598878199616E17
2.2277361221463408E17
4.4872651878506968E16
0.0
8.4153857143142E16
9.1886169924237616E16
4.8547916809484646E17
2.4977482576995098E18
1.062282234482736E19
5.612468414008169E19
3.8242742491407835E19
2.4081167024569001E18
8.3672508467456614E17
1.7386738505310832E17
9.8524950721394032E16
0.0
7.7233785811079664E16
3.602989685862313E17
3.8134919278441641E18
9.648086755884196E18
9.371298196045749E19
1.4684319163557292E20
5.062316941302348E19
8.5569604252262164E18
3.4305388252865239E18
3.9395741338421709E17
7.2403583916012784E16
0.0
4.573742204017784E16
2.9980999642567744E17
5.3371104310350275E18
6.5444130779634745E19
4.650891181032189E20
1.0139237232362407E21
3.300225179826283E20
2.443168355894366E19
4.1331021681531116E18
2.3871342523288528E17
2.9717767114065292E16
0.0
1.0721800413641104E16
9.865346579215008E16
1.12039787131041357E18
1.0015982057245591E20
7.262674207057441E20
3.1648863755750516E21
4.665555252187076E20
1.900330914408893E19
2.00610267697505792E18
4.4110523566158264E16
1.648432932049299E15
