0.0
0.0
0.0
0.0
0.0
0.0
0.0
0.0
0.0
0.0
0.0
0.0
0.0
0.0
0.0
0.0
0.0
0.0
0.0
0.0
0.0
0.0
0.0
0.0
0.0
1.2626314453627487E10
1.0489460803135901E11
5.83223765862213E11
1.5075386817382547E13
5.0758856178956266E13
2.7518261713655106E14
3.2603821439442203E13
6.981248977942007E12
4.109517316981666E11
8.977750918185681E10
1.3014299769020126E10
0.0
5.701118953734515E10
2.4839440199805258E11
1.0896936813084205E12
5.5982869263090625E12
2.5959783812236117E13
7.535444975996944E13
1.1732875322047152E13
3.138127663883275E12
4.319524977548745E11
1.1012381888264609E11
1.4215890980338415E10
0.0
3.834487235088881E10
9.314727924804442E10
4.246084846867339E11
2.2223929023508843E12
6.570008911520337E12
3.5058316581683047E13
7.408782040939965E12
2.7716488696396143E12
5.0778937726308203E11
1.0227296133142444E11
2.0887272007027596E10
0.0
1.2998504936721247E10
9.535560650739952E10
1.5085139626285626E11
8.302170498303237E11
1.6303110658577402E12
1.2448144240294758E13
3.125063796604265E12
8.239660308847498E11
4.0226048937242377E11
3.450762946009186E10
3.7235942568285656E9
0.0
9.817792848782116E9
7.753879557291016E10
3.072421656667632E11
1.430359583893374E12
4.341953760822748E12
0.0
1.5348390430128604E12
2.234882712330906E12
1.0892985503683394E12
2.1484156650048743E11
3.0449042937262764E10
0.0
6.159172760405326E10
4.93018734717975E11
1.8081075749189834E12
3.0498399586587847E12
1.0048629215239816E13
2.3690916251707262E14
2.6756460076871676E13
8.298956668462063E12
6.85640759760941E12
5.223783344972302E11
7.870404708785388E10
0.0
2.8984791473335767E11
8.87997403815469E11
6.748684040638255E12
3.1357079830629855E13
1.4923319210123734E14
1.615131726321858E14
1.8340294284086916E14
3.471358856963758E13
1.4325568478733049E13
2.8652683873847617E12
4.020751388394533E11
0.0
1.1228024293500076E12
3.2144484990234214E12
1.7242411212471812E13
1.2612225618096577E14
2.5369748142667488E14
4.3297602833717556E14
4.053305329228557E14
1.3816164181754578E14
7.350702932373152E13
1.065544288206726E13
4.681855373796341E12
0.0
8.842221438693533E11
9.202762624735598E12
5.619271813583811E13
4.323687929334346E14
1.5927484306830548E15
6.325666621994458E15
1.6148911866388645E15
3.9552053769471206E14
1.472545475943379E14
1.613483799296025E13
1.1663791490203008E12
0.0
3.1387743400815146E12
1.5773775562605436E13
3.007268452797326E13
4.993731954580403E14
5.749660747371025E15
3.4856303371199556E16
5.918412466587894E15
6.688607992574481E14
6.5494663677009484E13
1.2815740089138843E12
6.87181168025387E11
0.0
0.0
0.0
0.0
0.0
0.0
1.1144876436150705E15
0.0
0.0
0.0
0.0
0.0
0.0
2.1644977188456467E10
6.712491704005545E10
1.5949605418738498E11
7.085504317707125E12
3.3964444433844805E13
2.6128799036738353E14
2.603209703862708E13
2.3286381968942583E12
7.330886946280917E10
5.761630749165545E10
2.246332229878991E9
0.0
3.0387727158256386E10
9.676704729778987E10
4.4330922355320966E11
1.2373837768048071E12
1.3131303931346453E13
4.83162870265023E13
1.1358290123163602E13
2.8278787391788965E12
2.3900213658507272E11
7.975264222531636E10
7.514368889298948E9
0.0
1.7700309091047756E10
3.900206729899E10
2.5349389463273468E11
7.034253823266155E11
5.132702016195716E12
8.995321063885203E12
3.505518201058882E12
1.692432252927092E12
2.6613825073423843E11
7.284161681923265E10
8.08356207136612E9
0.0
9.953845781878407E9
5.526151867440804E10
1.8909505359079993E11
1.4881585688275962E12
2.309733663111148E12
4.417210385967052E12
4.85945083380525E12
2.1000369257031873E12
6.770945207602395E11
1.610041822443627E11
3.5134976178009E10
0.0
5.905771661197609E10
3.7582945345106323E11
7.959333318311548E11
5.392763398786316E12
2.2676513936483523E13
4.941696860660304E12
1.9144942450679543E13
4.816534753316006E12
3.761644167044423E12
1.1623231919343755E12
8.151488019367426E10
0.0
2.890959368354165E11
1.6054709174526797E12
8.270943859323101E12
2.2516097792392695E13
9.16152749887388E13
0.0
1.072512861476156E14
3.9961301392840266E13
1.5247149810034816E13
5.46097607395218E12
2.9384934163329517E11
0.0
1.2156058219741804E12
1.537432636471772E12
2.204231068141229E13
7.279716270550284E13
5.0004540278621406E14
7.098504683420926E14
4.7843078852466825E14
1.601220396522798E14
4.015521287401839E13
1.8029815580759004E13
1.8656831249751536E12
0.0
1.342913941484093E12
9.352427170753506E12
5.802559796600771E13
3.266267787102971E14
8.4594889957664E14
1.711528305035468E15
1.3097848327322962E15
5.974757417319525E14
9.929060189093336E13
1.6629037816519555E13
1.691651860835802E12
0.0
4.7632190830289E12
2.510460860449654E13
1.6734786957488228E14
9.123876473269435E14
3.486882030642857E15
1.1055659831046122E16
4.211146092188952E15
7.376337655653336E14
2.084096419698765E14
1.8192185415513043E13
3.2531859201941077E11
0.0
2.306223187281133E12
1.4624124243326166E13
1.4188237193925062E14
1.1498346235932505E15
1.2462039616129932E16
3.1525753989108712E16
1.0539903908579078E16
2.779893417777888E15
1.2626550778401314E14
1.4040403226979792E12
7.970939945828206E10
0.0
0.0
0.0
0.0
0.0
0.0
0.0
0.0
0.0
0.0
0.0
0.0
0.0
0.0
0.0
0.0
0.0
0.0
0.0
0.0
0.0
0.0
0.0
0.0
0.0
0.0
7.275962875447175E9
6.2842482172873726E10
9.905397094679841E11
1.7637673745858203E13
1.6580338493080972E14
8.447156530356752E13
2.695797820392582E13
3.915325026516832E12
4.049549252051885E11
6.809236238486221E10
0.0
0.0
3.549746953158946E10
1.3226317720022627E11
2.1980994422260947E12
1.0058919076601844E13
5.426466091604496E13
6.002165391537497E13
9.80489953777708E12
1.300001867124649E12
3.1195762796735425E11
6.423049652106393E10
0.0
0.0
2.6483144740938652E10
1.4643914157776184E11
4.9313228031309485E11
2.680248217493051E12
1.5899287259554457E13
3.430937871863985E13
9.193126599419598E12
1.5545251821127832E12
4.637015933897622E11
6.080925425439162E10
0.0
0.0
1.5054913517249336E10
1.101967677025036E11
2.6425617818935864E11
1.0033396235988386E12
3.4236884789142207E12
1.6622537593721113E13
4.693031478142271E12
1.3928910767396692E12
3.218085503022571E11
3.132046076144126E10
0.0
0.0
1.4359216047150356E10
1.0500826862500616E11
3.896995409278609E11
2.413124236023813E12
7.715137722297224E12
4.403153582203321E12
8.184029492406109E12
2.1001639465805222E12
9.218935886251506E11
2.5741229432127045E11
0.0
0.0
5.973783884213993E10
2.8843364082734674E11
1.5163312940540125E12
2.9786177369832236E12
0.0
2.2793754943719203E13
6.959711421761317E12
6.065864678517126E12
3.048219824975498E12
4.8658297980264575E11
0.0
0.0
2.3118930395643167E11
1.078434004016585E12
5.067063387725876E12
2.1238370365138977E13
9.01839504290596E13
1.658434054847995E14
8.459550501718052E13
3.855971040576506E13
1.7930185915038562E13
2.1904925990916816E12
0.0
0.0
3.2463428934564087E11
3.187568980380787E12
2.565244823923679E13
1.418743720374957E14
2.715673437661659E14
2.9359347948391794E14
3.4552207450416394E14
2.1027265375114412E14
8.025736137592675E13
2.0563629397345707E13
0.0
0.0
1.6432410167572605E12
1.1385283689366525E13
8.912774344362181E13
5.017544301418457E14
1.278237597129822E15
3.0243982832940195E15
1.1650702529248938E15
3.564191881220724E14
1.4491346376844375E14
1.4278528152092223E13
0.0
0.0
2.9329603214138896E12
2.3082790946021266E13
1.4097481535620794E14
1.3349241765589948E15
7.639583630139158E15
1.080410837109518E16
2.8023907681322545E15
6.997028947544524E14
9.54619123475365E13
5.535590696819532E12
0.0
0.0
1.7169043954319243E12
9.216378820368916E12
1.439253816204912E14
1.5890892658104712E15
2.4490712354332936E16
2.7064185367223052E16
8.625155558486198E15
7.97197247077986E14
2.0088661516225613E13
2.801553628451511E11
0.0
0.0
0.0
0.0
0.0
0.0
0.0
0.0
0.0
0.0
0.0
0.0
1.4401559339827019E10
2.752546082173542E10
3.282878764810813E11
4.216945801126945E12
2.7829350568327992E13
1.5876078383236328E14
1.2288566148309102E14
1.2947731290239154E13
8.457597601729608E11
7.62439957974317E10
1.160981180517777E10
0.0
4.215413632766716E10
2.602949179214142E11
8.753003484722278E11
5.214231162613421E12
2.241341397036427E13
9.237354201879103E13
3.722308248249721E13
4.472131470594948E12
6.601342523110186E11
1.0432622379227225E11
1.2437902992483711E10
0.0
1.816530767945959E10
7.629394150222905E10
3.4962412489305774E11
1.6610865584871697E12
8.415909453226565E12
2.784414584273661E13
1.864951674789218E13
4.010214512740412E12
4.3683844917631915E11
1.471979242861502E11
1.3434974152330193E10
0.0
1.8763627142386627E10
4.537445030366E10
2.382693179787411E11
6.075936766404584E11
2.2850101794566855E12
1.471637381443641E13
5.29967435995408E12
1.2210095734795342E12
3.1551581017187744E11
1.0597182527546896E11
1.032315117108774E10
0.0
1.5093015322070698E10
4.8288613176661896E10
2.5027765801058517E11
1.0410715474202701E12
5.9103872183713E12
3.0313801627648193E12
3.755864788357528E12
2.3865030343748037E12
9.865405872691068E11
1.8968380414077594E11
3.975461617313211E10
0.0
4.8265123174039154E10
3.4712386903250525E11
2.308129503986256E12
5.435102419454969E12
2.208692140346267E13
4.2128164269810264E12
0.0
6.224564394948341E12
5.06607133304595E12
1.0506709009677313E12
4.7789061515494675E10
0.0
1.096328166649641E11
1.0470957742395908E12
5.647372454442924E12
2.878918007336797E13
1.4741621568601356E14
1.8127812150125162E14
1.0448515366143988E14
4.267940238689994E13
8.073494250806867E12
4.469345388701155E12
3.8735020339312256E11
0.0
1.2348258278329668E12
4.1971917964085093E12
1.6029309539433824E13
6.956614213565468E13
3.118367518132624E14
6.433345924479808E14
4.30103966078854E14
1.8552076143364734E14
5.265093843674261E13
1.365882863742995E13
4.812851808188018E12
0.0
3.32069969057005E11
6.925510434484088E12
3.834414810847072E13
2.4192115078736288E14
1.0607870915040455E15
2.2378105217228108E15
8.253605865933582E14
3.9112237264710456E14
1.215874760757424E14
3.1616760346616273E13
1.0966824485400813E12
0.0
1.831456102932145E12
3.1759181703524805E13
1.3947961395168798E14
5.6071149772582975E14
2.418739816774639E15
1.1467774689518768E16
7.75620260172392E15
1.7461617966469798E15
2.542097483439813E14
1.6248826896581371E13
7.743656696617122E11
0.0
2.1177515887649514E12
1.522185977729331E13
6.950535573596876E13
7.26864871490023E14
5.731841827348088E15
2.5989828188207588E16
2.7500017889592788E16
2.3633271465429275E15
1.0477780327453392E14
6.628142068970221E11
7.245910405046574E10
0.0
0.0
0.0
0.0
0.0
0.0
0.0
0.0
0.0
0.0
0.0
0.0
0.0
0.0
5.453562624425732E9
1.1612109839384288E11
1.4977314291896912E11
5.379040292318733E12
5.865653512777473E13
4.3235650581077106E14
4.86496906284197E13
4.377296367462857E12
2.623364574929896E11
9.109107739076266E10
9.331861379624279E9
0.0
3.285365857902313E10
1.367459053405945E11
8.617737503780098E11
5.819207352457689E12
2.9041372476001812E13
1.1776410214698769E14
3.1444341598622273E13
2.328671833234308E12
2.8196741383322E11
3.4890547430990166E10
5.860730224399485E9
0.0
2.2007317757204098E10
7.925593594745743E10
2.5064655663107455E11
1.3829155291859229E12
8.461898851986933E12
2.296920316025164E13
9.87081807155784E12
2.861873922647005E12
3.8576341967951855E11
8.185754115105328E10
1.408822548167388E10
0.0
1.1606914345187897E10
7.789945624056802E10
1.443979166995001E11
3.7311361468553064E11
8.38525705606074E11
1.015014026108718E13
1.9364723617098452E12
1.6306893110660032E12
1.9029357238091913E11
8.770971050495613E10
8.259765658100788E9
0.0
1.1486951526143684E10
1.0830006099421742E11
3.293040605913869E11
1.7889406813862148E12
6.387760704123773E12
4.480931429757784E12
5.952427030776846E12
1.3506371509463699E12
6.304395428594607E11
2.5135411130243176E11
2.2246078360199337E10
0.0
6.0964816776382065E10
3.002768019178409E11
2.38774917983014E12
3.33412541849634E12
2.438217107723668E13
0.0
4.420990537806747E13
5.441192142760483E12
4.776813693123297E12
1.0942781502187534E12
6.6144261935937065E10
0.0
5.245149852070377E10
1.7370105492412295E12
6.987589557463002E12
1.6214189151926021E13
1.1891757576807523E14
1.9175866817742938E14
8.930462543226862E13
3.0057934245330652E13
1.4121370774073602E13
4.757666452123393E12
5.4153248079510223E11
0.0
8.179282034264465E11
3.184452129419292E12
2.3101690396617695E13
1.3118314441764855E14
3.6453646607315225E14
3.749747515214444E14
2.911369625592435E14
1.4310516041439622E14
4.164081738834371E13
1.5749534157557816E13
2.755032669001039E12
0.0
2.218654157436521E12
1.4133180607189324E13
5.368247068740184E13
3.9489460722548825E14
6.187215467531861E14
1.468598195502638E15
8.794634367360752E14
4.640749964938592E14
1.447587559025808E14
1.2391860602288139E13
1.751171331104045E12
0.0
5.504515971832176E12
2.454411064356375E13
1.4733502616118144E14
1.0847642666489086E15
3.830940810009809E15
1.6932567931377824E16
6.608573102202888E15
6.1791486829359E14
1.734813014083953E14
1.5943172156793734E13
6.364394903932942E11
0.0
3.3898727176744147E11
1.8805387135950203E13
1.7212488767521572E14
1.2268662263041908E15
1.0475065523879968E16
5.8357886608255768E16
1.2747899203294562E16
1.6491249246128372E15
8.837227160302406E13
1.3094742556322922E12
9.218724953836166E9
