0.0
0.0
0.0
0.0
0.0
0.0
0.0
0.0
0.0
0.0
0.0
0.0
0.0
0.0
0.0
0.0
0.0
0.0
0.0
0.0
0.0
0.0
0.0
0.0
0.0
115918.59346534326
1689052.0086594787
1.4147267377856145E7
3.425997563501089E8
1.777632486241244E9
3.418882624198869E9
8.179013535316222E8
1.059700585792507E8
2.3999375849399567E7
1530179.1170268676
310803.55788158486
0.0
191762.76867956077
6103720.696624674
3.454185679013012E7
2.73490691817678E8
8.104173444289529E8
1.48600323350053E9
3.649544350316449E8
9.90503607877974E7
1.1209682859449359E7
718600.5832213309
116326.9910642073
0.0
855348.6592152262
3838581.124096079
1.4096252924289888E7
1.4244201628745836E8
3.213173467666979E8
4.7588329704365504E8
2.891364681611659E8
7.347816752279896E7
1.2690513075531451E7
1097058.9850834347
242966.6682872199
0.0
175613.579220134
714279.2138282504
5092667.183537236
3.865004432637513E7
1.0832007060944569E8
1.307891290743829E8
6.6588227184640095E7
3.7358614104752615E7
8454032.86983404
1822083.0772297052
100747.47137830133
0.0
207417.6243282528
491678.4334130711
3879882.186850717
1.1323820072996553E7
4.044254931687549E7
0.0
1.1258254084579046E8
2.8893537185423605E7
5778424.122496336
1253315.6114795285
205344.1738431249
0.0
386277.5248379002
1206099.2978657435
9405352.929567326
1.4470895999979436E7
5.8898733306466624E7
9.990042352384777E8
3.634476939743589E8
6.360551410335989E7
2.2975746980149295E7
1350742.7218772587
955686.1012583644
0.0
572971.4987267633
3105478.4836740596
1.650605828576781E7
6.919941441687179E7
3.6341310666285604E8
1.2331352998033345E9
1.0097324091230853E9
2.346074695089249E8
8.82411828673219E7
8755294.84792866
3881881.073527252
0.0
1380014.52519697
3471690.4519114606
5.168054017932938E7
3.169282012048584E8
1.0752164812545934E9
4.223643486673498E9
2.824654708555666E9
6.420796500621259E8
1.5376082372432935E8
3.4731650416406505E7
2811789.35822237
0.0
844372.7351764517
6169135.991972331
6.828372676710416E7
6.552783732335806E8
4.662898041073115E9
1.3557094275420488E10
7.8651621467211E9
1.187640374567149E9
3.891104484737136E8
7.246702956843403E7
1.2657068271952575E7
0.0
893452.8848379072
7040534.011556669
8.216504197865066E7
1.1802202415082746E9
2.1862122094054585E10
1.3771576153721237E11
2.513783054565489E10
5.14403131749855E9
3.586111388123988E8
3.700823190116689E7
1021802.4686717067
0.0
0.0
0.0
0.0
0.0
0.0
2.0418044287932346E10
0.0
0.0
0.0
0.0
0.0
0.0
26503.03660040274
1138872.354928314
2.5045531120968804E7
1.2605208422287686E8
8.932330897247754E8
3.7536414259958086E9
6.305497359766483E8
3.856975612152363E7
6027312.052053109
80178.19377578735
66884.44848020183
0.0
408791.1095734748
3398153.701102662
1.112085400658816E7
2.676849451416257E8
5.774831324674304E8
7.132181897834829E8
2.9188302872828394E8
5.7586403549481615E7
1.0259002993648019E7
716786.0343371606
147001.9425587547
0.0
361033.9982855451
505425.78584460064
6489799.675817098
3.3948261007480256E7
1.3452304544556305E8
3.2515840359565675E8
1.7465597630875003E8
2.270362918900064E7
9135043.20956828
1160143.9853979612
112006.64494493262
0.0
251203.05172174686
495278.1761208589
4446480.488678672
1.1067992241274301E7
3.92388222227168E7
5.2356599092835754E7
8.775794184911877E7
1.4630099533518974E7
5789011.630420732
757100.0444949848
152691.50127700908
0.0
541775.9572224854
958940.390438614
6432979.238247966
2.0118992351510085E7
1.0394933382954732E8
5.947953297632262E7
5.189439593969604E8
6.794561709993812E7
1.1741971482079718E7
2723273.6575711383
611128.203332903
0.0
750670.279097213
3643583.547428225
1.061653442132714E7
6.6880837972540796E7
2.839073153818399E8
0.0
1.391716487645358E9
1.686459870755039E8
3.2762991843813833E7
1.0063685329215359E7
3854959.698203473
0.0
1175316.845691082
5391126.375126809
5.09662753482314E7
2.1177825631644467E8
9.291241260503709E8
2.854362531447027E9
2.573866108212672E9
5.046526781589723E8
3.039908399700622E8
5.644793052408732E7
5641571.225558901
0.0
1317754.7437765417
5174456.182042337
1.2016566800782949E8
7.841611601075884E8
2.428796796661197E9
9.640759362860962E9
8.464313039468395E9
1.0464180584471076E9
7.246069118922851E8
1.372348676315629E8
1.4724855266211322E7
0.0
1694974.8613847452
1.3012543718502035E7
2.415971150624871E8
1.805421419495542E9
1.389793561388328E10
4.108761144689697E10
2.099549907761417E10
3.9340632316697817E9
5.56358225099102E8
5.325160325931781E7
3601975.346718541
0.0
696401.4363616086
6183917.385062715
1.7312373486189312E8
3.6182020742000875E9
5.7704554899085365E10
2.204935651875868E11
4.8037042483793335E10
8.889915855544243E9
4.559286774088429E8
1.2405502181235887E7
1604834.1011268978
0.0
0.0
0.0
0.0
0.0
0.0
0.0
0.0
0.0
0.0
0.0
0.0
0.0
0.0
0.0
0.0
0.0
0.0
0.0
0.0
0.0
0.0
0.0
0.0
0.0
0.0
96318.880122407
2611557.445669079
3.9516379940534E7
5.812624023114507E8
3.348692242786984E9
1.9546992067367132E9
5.7210302736225E8
1.414394740849345E8
1.4772645367610408E7
2082620.1712542928
0.0
0.0
130359.6039151298
3890098.947274858
3.7534980124004394E7
2.208320476163866E8
1.0698631467577724E9
1.3732466077828426E9
3.7290291462703896E8
4.3675247024853125E7
2813028.9975291714
484789.19406357437
0.0
0.0
920105.6648261495
5592399.240545355
3.1733244381711885E7
2.0249491667163962E8
3.9088908846750677E8
4.782569586761116E8
2.0400809557020256E8
5.0096076340840206E7
4743729.054234356
927047.6192983026
0.0
0.0
382916.5404256819
957301.1227840913
6826944.2789818095
4.090731607376817E7
9.68564586825495E7
2.6331894847745177E8
1.1546653490673602E8
2.6607282572197318E7
6041404.676951565
921737.3110687233
0.0
0.0
187282.34076404065
863481.2207993048
3723546.781028535
1.1921057911563493E7
3.628794153467509E7
3.8986508163699985E7
1.660891953456669E8
3.856379709220338E7
4315201.145255461
778471.4971392663
0.0
0.0
336454.82329519285
1422366.962157846
6766385.0384585885
2.170475346243517E7
0.0
5.336475660801707E8
4.0835196679806304E8
7.747877473800366E7
1.287631863391003E7
2648754.185576546
0.0
0.0
692508.9139343413
3744734.833749879
1.9102733899545763E7
6.91929363998014E7
2.2144492491958526E8
1.2365542768777497E9
5.349475521446593E8
1.4597339401174015E8
6.868931315074703E7
2.1628295966718387E7
0.0
0.0
1355571.3381657726
3456770.8225017753
3.831045759161904E7
4.027785470837925E8
7.242523035343168E8
4.5198316951290865E9
2.5014156753917837E9
6.007681528314664E8
1.9162221532070357E8
2.4678663057748813E7
0.0
0.0
888575.2506179677
9337701.804129079
1.2809349715004745E8
1.074667913050454E9
3.238083204221113E9
1.0701584623775068E10
4.667214625372065E9
2.2676198081137238E9
6.167422200424483E8
1.1687518555259784E8
0.0
0.0
516939.1234184272
1.6153954216654379E7
2.574140156110693E8
2.908957297459935E9
2.0038729299922604E10
6.531314151507335E10
1.871010006402001E10
2.2763947185474534E9
2.0513931135376453E8
1.8406165873667657E7
0.0
0.0
502788.5325742613
4708622.4872856755
4.534343524507591E8
4.488975280701181E9
1.6144052365885925E11
1.2679381116516307E11
2.6661271520527115E10
3.2054485658548765E9
6.4165724670932174E7
7477539.642593671
0.0
0.0
0.0
0.0
0.0
0.0
0.0
0.0
0.0
0.0
0.0
0.0
116572.09511917815
1269272.6546411254
1.716627370972199E7
1.350815637158364E8
9.625688091410464E8
2.645562048797015E9
2.4163890987191815E9
1.9752137665842938E8
3.2497919763843965E7
2240291.3438896965
281864.3303489522
0.0
108311.40790939394
890294.5868903713
1.6192334924389005E7
1.9155345800110772E8
5.429110764404796E8
9.980582109579349E8
8.122310216779376E8
1.2512240451871346E8
9840385.602996595
692402.5317864186
114330.81140523608
0.0
439666.7124864125
2485353.4511928344
1.5173226160987804E7
8.732163756272608E7
4.1325521580487806E8
7.142090646200334E8
1.8397356996210656E8
1.1128265233067551E8
1.9634714347558E7
912387.5639908524
309399.8124308457
0.0
405111.9308670256
1353999.4502422325
2989207.778426932
2.4097418583547138E7
6.845283233482912E7
2.1802463193149552E8
1.456714811274713E8
3.727211095816257E7
8085662.066874878
863195.9037751649
219885.96875925004
0.0
160550.71801303094
524455.750409633
2206517.651097947
1.1532975944238126E7
3.975827564647838E7
4.7189972835849464E7
1.1481053483285351E8
3.102443994104089E7
5385543.577397007
928409.9951314006
129982.74145231958
0.0
591700.8657907776
1130692.3561557264
3657285.22989598
3.3318180181650463E7
6.194355703425099E7
7.198453753022635E7
0.0
1.0934692016504763E8
2.3428378184454564E7
4070423.61487078
631023.8855189208
0.0
937790.6909833471
2429740.3896991177
1.4837001543470934E7
4.1316911328629926E7
2.8818113366645235E8
9.165999796419872E8
1.110405786086903E9
3.486804386787336E8
7.363845381512864E7
9977443.34026445
3729908.2021986395
0.0
1298512.835171176
4633991.023514318
2.4459129145428874E7
2.0419778703325558E8
1.0590007735268774E9
2.646958267321391E9
2.4413784217493277E9
6.593306275520542E8
2.261919680342893E8
4.407458343862387E7
6457180.900346303
0.0
1223545.2400564225
3942543.5873502316
3.68973702047521E7
6.638856207455809E8
2.8457484718075514E9
7.116662433741226E9
6.005079152260061E9
1.9338701663411396E9
8.930238292844595E8
1.6467317889261317E8
1.998017895852751E7
0.0
1198406.4702685878
5706442.362096836
4.987187821513895E7
1.4531480065527813E9
1.008958980698592E10
3.471540028496971E10
2.7272733142760372E10
7.8059978725022545E9
7.890747088429027E8
5.187776783005723E7
4656601.12861671
0.0
222101.31857485572
3810629.5714251096
2.9127485338992245E7
1.6469390313207946E9
1.6989574521742573E10
1.594104217675926E11
1.5917417225487506E11
1.4759235322224943E10
6.02945048630958E8
1.4598473739145627E7
353837.3921802321
0.0
0.0
0.0
0.0
0.0
0.0
0.0
0.0
0.0
0.0
0.0
0.0
0.0
0.0
19603.567896193374
2248865.5893411865
2.9467543345677454E7
3.427457852915286E8
1.5072065822069583E9
7.007120814572657E9
6.206082545115778E8
1.2345198822277E8
3.5497162370717056E7
1978093.7042459084
245447.86588352534
0.0
58747.3595121481
7858294.937533242
2.8569292205135573E7
3.4415596869268185E8
1.2770764662184896E9
1.5597614370988526E9
7.996369949588162E8
1.0759044598950867E8
4961119.262883537
543217.8009473609
82519.44251406411
0.0
827212.8004400793
2230959.2051709844
1.871509366965943E7
1.9516557930839664E8
3.101749207567894E8
5.1797634381633985E8
3.467189176404226E8
7.94471136730354E7
1.0920737729237204E7
1159294.2368163634
242301.18064774666
0.0
387925.66723814595
1356668.337273641
2912677.80911179
2.415322443989354E7
6.6061655472097635E7
2.6198866554492748E8
1.4378293677136377E8
3.2397567967655517E7
8077416.772595161
1320975.8449703217
68263.51442853136
0.0
248303.1855714025
402092.33070613083
4558523.134551423
1.1305161711519446E7
2.6351627308161546E7
5.483453073872796E7
1.2111560806436275E8
2.071638547996837E7
6371860.710336551
1313590.0483815973
143850.31543573816
0.0
463937.01171027625
1075298.810388964
7343800.108509425
2.3340545862407524E7
3.4613957045588754E7
0.0
3.3095031677224725E8
4.085149556813135E7
8991554.112536157
6621325.371393772
524179.90664666815
0.0
999088.1578941953
2486641.5446322383
1.863123035978455E7
3.340596765839588E7
2.590582540930764E8
1.2953073703421235E9
1.1974935134125197E9
2.457880147614023E8
5.092286827464183E7
1.6735162594291551E7
1939055.860313028
0.0
1295385.828872439
4804301.690652378
4.043846257212417E7
4.8775491604579663E8
6.917174800497093E8
3.9598517309322624E9
3.712557583704775E9
3.491917640902208E8
3.080379048282229E8
1.730964844609209E7
3366548.8425575863
0.0
852730.8235303471
4627467.473541862
5.146241051143048E7
1.0844732503081284E9
3.7128204236535625E9
1.0756015806301329E10
7.258417442432397E9
1.6197317071611807E9
9.303966124323194E8
1.5934431507618836E8
3974786.3796406733
0.0
1503418.7943847547
1.4779836049106251E7
1.719249323096771E8
8.582047818000846E8
1.8705898244359505E10
6.7579274632633316E10
3.7262398708369865E10
3.8444381508603005E9
5.013777118984336E8
4.2261421083571404E7
4248826.13635732
0.0
632392.8292181464
1977791.1497211752
4.215338863867197E8
1.3384764396225386E9
6.281274480983342E10
5.067593086703387E11
3.679040468778705E10
9.674434640792667E9
2.2738333920767367E8
8820728.475962397
702825.8669461758
