0.0
0.0
0.0
0.0
0.0
0.0
0.0
0.0
0.0
0.0
0.0
0.0
0.0
0.0
0.0
0.0
0.0
0.0
0.0
0.0
0.0
0.0
0.0
0.0
0.0
4.2924063957043695E9
3.939183352451575E10
2.5643679760078406E11
2.1430132274477917E12
1.265341338160122E13
4.495311892212599E13
1.7932570497464906E13
1.99770144530942E12
2.2874866744477072E11
1.141325004290601E10
1.3756323712015095E9
0.0
2.8376770350499434E9
2.639706832014735E10
1.215085229409468E11
4.958809657518346E11
4.2093067064950083E12
2.3276594370772047E13
5.653298482891734E12
1.1647823833313176E12
2.914220216294431E11
4.869670806546607E10
8.1369111865767355E9
0.0
1.6832303521463978E10
4.356096658783649E10
1.3449031530044403E11
4.5201581602325305E11
1.2472260742062954E12
6.16313989596188E12
1.4609472898419675E12
6.599265721439825E11
4.367215432577452E10
8.866629286883661E9
7.455476757379857E9
0.0
7.291133196072342E9
2.512488015671235E10
1.1475612113886606E11
3.0284452091575037E11
4.0133459425274115E11
1.4174059217654275E12
6.032936998499204E11
2.60684589667703E11
5.095330665906748E10
7.181655154984494E9
1.4781641300268717E9
0.0
6.238676592318455E9
2.5949205428670425E10
1.003401938611528E11
3.717207646181276E11
5.4279038058612E11
0.0
3.6563094531463354E11
2.629068292066184E11
5.943861915330644E10
5.605957671869795E10
6.044684944909198E9
0.0
1.5934626278930286E10
8.085282277054286E10
2.5965565618093668E11
9.486139726385297E11
2.4565401388667744E12
2.5707965228283152E13
1.4247227363296304E12
1.0489718030679235E12
9.436899326849246E11
1.563857633197212E11
2.781006162881934E10
0.0
5.700093293393643E10
1.0825253003293236E11
1.5529401398676094E12
4.909981659073145E12
5.883934842990648E12
3.5131538316765887E13
8.28017188811823E12
4.67693077605942E12
3.117593284148218E12
9.656269286794957E11
1.5091702211650037E11
0.0
2.977173135336135E10
3.941792323233228E11
1.7557295683851147E12
2.1619968076272312E13
6.151256985534434E13
1.6527307592099097E14
8.238822429934173E13
2.0863951144814348E13
1.1250401543053229E13
3.358295888813143E12
4.8703693960788556E11
0.0
5.394247437368138E10
3.421221861576127E11
8.671900991704678E12
6.877257109983127E13
3.20060231757952E14
7.051579531763576E14
4.1026653161281994E14
3.839938986015486E13
7.900271645914365E12
1.6343296489409058E12
1.3380343837742679E11
0.0
2.9698643043538685E9
1.2985610598461167E12
1.7778514678155625E13
1.1761460993073061E14
6.305741565734011E14
3.259151897775672E15
7.145926177814366E14
9.401710588765102E13
4.645108495754262E12
8.09775497308117E11
1.4463638729481116E11
0.0
0.0
0.0
0.0
0.0
0.0
2.1680152377025094E14
0.0
0.0
0.0
0.0
0.0
0.0
1.6492747454161816E9
1.121426135304083E10
6.6496721130349045E10
7.459466362457578E11
7.605787931796077E12
5.20193389605453E13
1.0105051021125195E13
6.705217787279829E11
7.330886946280917E10
3.4380304001535835E9
1.1299376659901695E9
0.0
7.9156502170106945E9
3.0030572001053413E10
6.505972499556839E10
2.1254286624950504E11
1.9887496730341172E12
1.1636508858349496E13
3.3057486666344805E12
7.185831208198168E11
1.1905361251393109E11
1.5180988273618025E10
3.7745611486608624E9
0.0
7.068442848026153E9
2.4841788162928818E10
7.029644696513693E10
3.223421124286798E11
4.102137911304936E11
1.2868210454598635E12
5.810395853283964E11
2.401060360553178E11
2.3279647090884174E10
4.0863403205748444E9
2.288866603721916E9
0.0
3.750316185301037E9
2.671110765206308E10
8.899488705176833E10
1.8170876587488586E11
1.1279690916668284E12
3.766239360380165E11
4.856919346767213E11
2.5945385956900723E11
5.675763561232564E10
2.5506509638749004E10
6.545751344905019E9
0.0
1.9244212458410755E10
8.168045870061273E10
2.1537987718727E11
1.3538668236898933E12
2.7589433363330356E12
3.766606280320758E11
1.4509770609693425E12
1.1043095548146685E12
6.118590703457552E11
1.529919831904509E11
2.278402811864626E10
0.0
4.0661006013461E10
1.775275085617658E11
8.329354463966808E11
3.913562761772178E12
9.671955680853076E12
0.0
5.704525819790422E12
4.728367795532659E12
3.984568310595664E12
8.294736773598722E11
1.3578716037168874E11
0.0
2.6822546661513786E10
1.9819815963768823E11
2.979763946041223E12
2.0938731274731594E13
5.784963132015942E13
1.1750507354520781E14
3.737666654794944E13
1.7260079920201865E13
1.040864682024577E13
4.07369347881733E12
4.403618237017064E11
0.0
7.03078505618631E10
7.862632698877329E11
7.84739946612615E12
6.798582686502021E13
2.4994806491883272E14
3.898924433351137E14
2.970912256684196E14
6.8212201091897125E13
1.646285264203297E13
3.3302088981744385E12
3.160643075619524E11
0.0
1.4474060759551027E10
1.1461605301716934E12
2.3096155374908195E13
1.3672444823411148E14
7.234186807090701E14
1.347273176743692E15
8.64811910944032E14
6.163284851263465E13
8.762948409182584E12
2.620908181928204E12
2.7335045726164032E11
0.0
1.6694155747216045E10
3.3745715346637217E12
2.4451379051130375E13
3.2576222564882644E14
1.8602112923074472E15
2.546608329512038E15
1.656406809937221E15
1.8664681757665712E14
1.1104164081045139E13
5.502722082584407E11
4.8596257592512344E10
0.0
0.0
0.0
0.0
0.0
0.0
0.0
0.0
0.0
0.0
0.0
0.0
0.0
0.0
0.0
0.0
0.0
0.0
0.0
0.0
0.0
0.0
0.0
0.0
0.0
0.0
2.5604142104941206E9
2.7099901896179546E10
3.0380679387437036E11
3.2849150198189795E12
3.493441925607673E13
3.4204943140156316E13
8.59157799038399E12
1.429043641204282E12
1.2756392607649094E11
1.1011658681216038E10
0.0
0.0
3.561949342321011E9
1.4135592123726582E10
1.6575536908729865E11
1.2897068524935178E12
1.3634958642725393E13
1.2055841414746443E13
3.5901866731535244E12
1.0032987855621636E12
1.4139683442198645E11
2.62681073867958E10
0.0
0.0
1.3688934278034409E10
5.911398591869214E10
1.6815506044580383E11
8.56165923306036E11
1.904479084079628E12
4.097075971149595E12
1.7943641722799482E12
4.4030783232788354E11
9.92376363016262E10
1.876264456180984E10
0.0
0.0
6.389144779705644E9
3.66275451457547E10
1.101321276886082E11
2.4461621328878302E11
4.972763751290528E11
7.727532807960406E11
4.636862138295339E11
2.0673303935347757E11
1.826586527140433E10
5.308041311441032E9
0.0
0.0
7.723150022717475E9
1.757848293689712E10
9.843479930677628E10
3.9146713963396375E11
4.4907878936884625E11
3.8388777597264923E11
3.160382398040448E11
9.68449865003199E10
8.154943328872878E10
3.509250214431112E10
0.0
0.0
1.6403696890227295E10
4.947007215081536E10
2.69450308050965E11
8.839340826364082E11
0.0
1.7477902433002483E12
1.4805665750189016E12
1.0921396182328478E12
7.011749647868754E11
1.7670745609649307E11
0.0
0.0
3.552988109620901E10
1.2534752297955907E11
2.5286685226469388E11
4.269575961400303E12
1.0129479232240787E13
1.3796655654212934E13
6.836371057836669E12
7.392692150351053E12
2.048383892647525E12
1.1090600481895796E12
0.0
0.0
3.2243389081624023E10
2.4873035000794983E11
2.4389375363908657E12
1.5269270933264322E13
7.947354843973775E13
1.1054764521726938E14
5.69611333338764E13
2.843741992651519E13
1.1255327210986006E13
4.534244510536801E12
0.0
0.0
5.742694992077693E10
7.107050655758676E11
1.0500999190835125E13
1.2127340253942317E14
1.9336775783248212E14
5.531199583484007E14
2.919145547211251E14
5.486643758709175E13
9.72139224178292E12
1.559591092357859E12
0.0
0.0
2.484207577964422E10
6.720786952350762E11
3.240693068539699E13
3.1619247186702025E14
1.175503328275164E15
1.1286662709454092E15
4.451133501185691E14
3.6651217758296484E13
1.1101141449548643E13
1.222779641360481E12
0.0
0.0
2.548271136288471E9
1.298519014718369E12
5.795116642500949E13
2.7523982815397888E14
3.5001435378427025E15
3.7319907879416145E15
8.984974253083828E14
3.866610222638901E13
3.2098064503631416E12
2.801553628451511E11
0.0
0.0
0.0
0.0
0.0
0.0
0.0
0.0
0.0
0.0
0.0
0.0
4.642039719990696E9
1.2888924225574953E10
1.0139054070633035E11
9.462935121137579E11
6.032304730071261E12
2.760385553606156E13
3.9713700660523266E13
3.4906224959081E12
3.2270707354066626E11
1.2250064198373678E10
1.4158637787689657E9
0.0
3.1327886912291856E9
1.4289077062237606E10
9.912955157412488E10
8.33986075829669E11
3.233144411526073E12
1.80242628662238E13
1.0894434085638021E13
2.2054216707660645E12
3.490429826402195E11
1.819492302938667E10
1.970363801502075E9
0.0
7.321143468609831E9
4.588344122598785E10
1.2708281775932782E11
3.8280243802860187E11
1.1410834623171577E12
3.88110919970973E12
2.98856550057578E12
8.763239710709382E11
1.822462836798826E11
3.0162815549717293E10
3.780884224002908E9
0.0
9.98230436430283E9
2.4234890802099663E10
8.167840187486598E10
2.048695833263599E11
6.563658170314906E11
6.696011535730156E11
4.188562611272431E11
1.886580656351597E11
5.1823065783224945E10
4.479547623809791E9
2.958257160092257E9
0.0
6.523151204310664E9
1.7672490007264427E10
1.0907482058602101E11
4.815568534288153E11
1.0261535453949203E12
3.486088240430035E11
7.17152912631623E11
1.8019467739618726E11
4.313704946695056E10
2.0462871922551926E10
7.605488208663716E9
0.0
1.4053133189404398E10
6.127065610177966E10
2.4111565920321088E11
9.24148723369155E11
2.394021044620297E12
3.0181144994603125E12
0.0
1.1153794282012117E12
7.067417774436895E11
2.165864706769705E11
2.543706401371047E10
0.0
3.782074275357738E10
1.3959082621045605E11
6.723872664152045E11
3.7727765489362915E12
1.1145506630487826E13
1.9832551507505594E13
4.910701300252731E12
5.17009415026159E12
2.9917755500781797E12
6.970831660713547E11
1.5813783611981226E11
0.0
4.1743171820854706E10
2.914865266960722E11
1.9038835268776724E12
1.1893126822191613E13
4.615475387706667E13
2.0219138315206125E14
4.250195474628454E13
1.993790062152475E13
6.8829467750949375E12
4.011725477998917E12
1.1903356978848777E12
0.0
5.193638016967445E10
3.8520793161851135E11
3.0460235796550884E12
3.61903002147458E13
2.210808685852265E14
3.0468231588217744E14
1.834731102166924E14
8.648560906965666E13
1.5863599627585572E13
2.3720884387162144E12
5.49940079459551E11
0.0
2.6389818627045033E10
2.9636225154780493E11
8.7810115635606875E12
1.5266302957617938E14
7.279753155976926E14
1.1069356256453916E15
1.144617630117436E15
2.130618486059242E14
1.803175898384646E13
2.9346766035144814E12
1.8109425226196442E11
0.0
1.1308766091108843E10
4.703433345151424E10
1.5870710595695332E13
1.899429545044736E14
6.106661470643084E14
3.439163618723214E15
4.4231589334028775E15
4.36078204806548E14
6.18037098057E12
3.89980658616255E11
6.055250112959682E10
0.0
0.0
0.0
0.0
0.0
0.0
0.0
0.0
0.0
0.0
0.0
0.0
0.0
0.0
1.8352032314556658E9
2.1467858608865826E10
1.4977314291896912E11
1.752784000414883E12
1.7797340846014816E13
7.847356610200686E13
1.1524507597860393E13
2.4603563487025107E12
1.4086774799072562E11
6.072637060754663E9
9.647618096166213E8
0.0
1.7957142854443316E9
8.425386744002699E9
1.756924455116884E11
1.2439210646308254E12
6.860993066399252E12
3.3969384422589074E13
8.155736286933471E12
1.335938873006193E12
1.966870170605361E11
1.7435191210962723E10
3.141486489443263E9
0.0
1.4635189399724733E10
3.971606541773955E10
1.189516752741541E11
3.8987307458911255E11
2.384445971519241E12
2.6632744803221865E12
2.1480169158970652E12
9.913945942040251E11
1.0468963743748936E11
1.1836186404701283E10
5.5366740705383E9
0.0
4.754005704959648E9
2.147721851712888E10
1.0650893874687555E11
1.730526803852803E11
6.043351177591693E11
1.0054587020859569E12
4.635419161088748E11
1.388252396659754E11
5.127254687754996E10
3.6142825294339504E9
2.3513158956359234E9
0.0
3.0639033817227135E9
2.330120081293491E10
7.302658844046016E10
6.677674772195339E11
1.2895776606487224E12
2.052494337822157E11
2.7475343196653763E11
2.2339262496297296E11
4.744005471314383E10
3.3381816627843407E10
6.098733675171772E9
0.0
1.944362986330554E10
1.0784699695375711E11
2.784873422783573E11
4.9620787628224695E11
3.320612409914773E12
0.0
1.946783948599392E12
9.010907367819004E11
3.3271991682554297E11
3.144207927719573E11
2.075710364891316E10
0.0
3.502345065156062E10
1.5605794413477673E11
5.641736092380599E11
2.648258388503767E12
1.0289246075716594E13
1.7545015342715555E13
7.395809233485157E12
5.9076019397516E12
3.4394240013388145E12
6.768423421594209E11
3.196782223679036E11
0.0
3.2648053225489292E10
4.567709112111386E11
1.3979172644650312E12
2.152950092210255E13
1.1139372922270753E14
2.1480026336461853E14
7.83776891873335E13
3.071413535480978E13
8.334587332797881E12
4.2442075199244155E12
5.0909166504365045E11
0.0
4.781367958423505E10
5.266528537869142E11
8.101037031571691E12
1.3187969226186605E14
2.7781990999419888E14
2.2695180146838262E14
3.679522086292699E14
6.515499370321142E13
1.033661352077349E13
2.020873603588458E12
2.2857853947699905E11
0.0
2.1830905680382298E10
1.24833126798833E12
2.4054710907792293E13
2.2291314300436875E14
4.38006799832182E14
1.216595617857021E15
1.1738831713037898E15
1.2756825563502597E14
1.2216121328619027E13
1.891413057547922E12
2.911434855111184E11
0.0
2.628246429052249E9
1.3647003065044912E12
5.777535919558013E12
2.5843259958115262E14
1.1467969454113595E15
1.0160261428452796E16
2.6291773648175485E15
1.9590385510190997E14
2.822230788163823E12
4.557061411927536E11
9.218724953836166E9
