0.0
0.0
0.0
0.0
0.0
0.0
0.0
0.0
0.0
0.0
0.0
0.0
0.0
0.0
0.0
0.0
0.0
0.0
0.0
0.0
0.0
0.0
0.0
0.0
0.0
3.2862395873619198E10
3.7067124581950385E11
3.234414291588915E12
1.6705004607548403E14
5.903285610929354E14
1.311600188413065E15
5.0821725235986775E14
3.978022911931468E13
2.4127236427812314E12
1.9304101510887985E11
3.842380034700722E10
0.0
3.8703637183710895E11
2.0079798718699688E12
8.383809725183353E12
3.953091044119665E13
2.67375558126177E14
7.116392254209571E14
1.4010061258549984E14
4.0820911206776016E13
1.359081268922702E12
3.585594437827368E11
5.040390110267144E10
0.0
1.1109739733128745E11
5.414187516002104E11
3.7535853365234536E12
2.0223161284999266E13
1.0069077042748536E14
2.2713804448580712E14
4.953596422044626E13
1.0154737009300098E13
1.0107538142298491E12
4.2019646951237476E11
1.0951285998862805E11
0.0
6.418767224271988E10
5.347289722002423E11
2.666824933990133E12
5.506735708253635E12
2.7932600101989508E13
5.226709078237441E13
4.209393105633017E13
7.187158102526551E12
1.5460859906008633E12
3.156791565476505E11
1.276652856812857E11
0.0
4.955529620275354E10
7.242268923352877E11
2.8203197404584326E12
1.2708384132178756E13
4.718688463346607E13
0.0
7.082046107972202E13
2.920154960250257E13
9.617815651022035E12
1.923254098568896E12
3.054303192979132E11
0.0
5.333486256979081E11
3.958143312115093E12
1.2215664669951385E13
5.2173104981561305E13
2.223470981412958E14
1.8363452023596395E15
2.0495751950875778E14
2.1006293665917972E14
1.9563752796102312E13
4.737523873333458E12
8.343971317223638E11
0.0
1.5955915136639429E12
6.348863088706724E12
7.103083346050338E13
1.935119386613109E14
6.657952931831075E14
2.3699074414868365E15
8.561802153145065E14
2.820471016273327E14
9.66116458045076E13
2.5056152942391203E13
3.434232524351739E12
0.0
1.2363737502547332E13
2.3295593788491277E13
6.6292309285222375E13
8.042736370407805E14
4.127480307934662E15
5.957604028074947E15
2.591385499567909E15
1.1651763687669622E15
1.8037344269151403E14
4.400192928779051E13
1.97441195207628E13
0.0
3.55375463763835E12
1.9471223964106555E13
2.1696759400975403E14
2.643728086916347E15
1.7080246772818816E16
5.7944483665640352E16
2.5072533280580508E16
9.980949035598472E14
4.52722791435625E14
9.18181011319777E13
2.2635285557876895E13
0.0
5.719387849254504E12
3.229931990763114E13
1.9512257156399688E14
2.173243330423534E15
3.8011823314453064E16
2.70445797218002528E17
3.2566139271217476E16
8.996208614079937E15
9.997980138747464E14
2.8001262751750984E13
1.0948718518179028E12
0.0
0.0
0.0
0.0
0.0
0.0
7.750194738323877E15
0.0
0.0
0.0
0.0
0.0
0.0
3.930873785111783E10
5.33363608568584E11
1.4651767927424797E12
3.641270884413418E13
4.047443833768051E14
1.88109910065639E15
3.001294366300773E14
4.239020278362269E13
2.5464942732873523E11
7.0874506680218E10
1.6772780432209814E10
0.0
9.410534801398248E10
6.537033668816765E11
5.128459994205558E12
1.2012201585617738E13
1.4374341323702228E14
4.221887643697146E14
1.1222037426527866E14
1.1063303098394406E13
1.1069532047861074E12
1.3532373154161703E11
6.8451329721884735E10
0.0
2.875697834236688E10
9.253764243865648E11
1.9578910280763853E12
7.535493020668897E12
3.58408112830116E13
7.727694615522295E13
3.730027867878953E13
8.614700621437839E12
8.381892853818948E11
3.221077376140831E11
6.94468066217045E10
0.0
7.382598052381873E10
7.906245098553484E11
1.8729084986482114E12
1.2412517088101525E13
4.939633944458895E13
1.621208729846703E13
1.430114520424953E14
3.744912660342238E13
6.479500241087514E12
1.5699678706621152E12
3.4337047911909515E11
0.0
3.805949209031809E11
3.313422671846503E12
6.739838829868631E12
4.848305044035711E13
2.0408224880965594E14
1.9807649032771258E13
2.84135157807727E14
1.469921945526578E14
3.522145564420227E13
6.663967847033765E12
1.0376406712421226E12
0.0
2.1321486590168035E12
1.3667919239313188E13
3.3048865907232574E13
1.6512186885146838E14
8.314287707813775E14
0.0
6.395330691463469E14
5.993135617421796E14
6.682770352469242E13
1.689956724161566E13
3.430487187355905E12
0.0
8.361314355608873E12
2.564120576325633E13
7.431238826893808E13
2.4361879194901712E14
3.077879859269318E15
6.116261702728724E15
3.277474855993315E15
1.2270316967446445E15
2.1883115265521544E14
6.650815440693598E13
1.5998355534055055E13
0.0
1.2671154833565566E13
1.124290635469321E14
2.45974908501473E14
2.1026931615563525E15
1.3790763728661732E16
2.7732955782933192E16
1.2278080688985712E16
4.339738583310294E15
2.83310714338376E14
6.928526153361087E13
2.939433051916092E13
0.0
1.7500734731976707E13
8.005865836588923E13
4.684816834141166E14
3.113431270861072E15
4.3338919053601384E16
1.00599330540946912E17
4.9473083078094544E16
8.93455533363094E15
1.0968277509125072E15
1.2797455699537477E14
8.916670324513252E12
0.0
2.953152227816049E12
5.264973163148361E13
1.6698316432609982E15
1.2706990392802258E16
1.04465057192167152E17
2.35262171016917216E17
8.9078482335192784E16
1.3699956455115616E16
4.09648039029132E14
1.4312506060103334E13
1.0073385664528262E12
0.0
0.0
0.0
0.0
0.0
0.0
0.0
0.0
0.0
0.0
0.0
0.0
0.0
0.0
0.0
0.0
0.0
0.0
0.0
0.0
0.0
0.0
0.0
0.0
0.0
0.0
1.879322150061561E10
2.9291774672438654E11
5.518651468871085E12
2.344852571126109E14
1.1389460200049525E15
1.273670515808346E15
2.578367715518764E14
1.5385907717449014E13
4.049549252051885E11
1.1972411534837376E11
0.0
0.0
3.822842133556089E11
1.4784130731370466E12
8.118105744490777E12
8.887370172313662E13
3.3832546685638756E14
5.661827900219152E14
2.079196728520485E14
1.783308645381957E13
1.1820739073858247E12
1.8573667159374155E11
0.0
0.0
2.1261223489651828E11
8.298420460431921E11
5.311131115826394E12
2.64862982749169E13
9.947528052697394E13
2.3134474986312844E14
5.391247944009127E13
7.799275783880139E12
1.3077645512224321E12
4.348495164251584E11
0.0
0.0
7.81307475574612E10
8.089961671177577E11
2.6680535461946904E12
1.0995093496659916E13
2.4929856599110914E13
5.18525216047307E13
4.0124269646881E13
8.181437075583497E12
1.2243513670400144E12
3.708829418381464E11
0.0
0.0
1.1816012941959418E11
6.082029907280116E11
3.4314228195973457E12
2.1362492851140727E13
3.568205774252828E13
2.6154712333254902E13
9.09648248850403E13
1.6627002866916379E13
7.337746874264692E12
1.3757211818181907E12
0.0
0.0
7.518205615573004E11
3.066344254003846E12
6.087590913349619E12
6.496476080482836E13
0.0
3.2018318369308894E14
1.7853461133938516E14
1.1288897692887622E14
2.400928915481393E13
4.323296650080259E12
0.0
0.0
2.0394321379720647E12
8.504335271507595E12
7.67124736528051E13
2.1050572652815112E14
1.2385361303368562E15
1.5639206838191698E15
8.461139007409865E14
2.7389520207577166E14
6.437785187048217E13
1.1105348613681412E13
0.0
0.0
6.873373429687772E12
1.4435638337295643E13
8.80566875456523E13
5.703806936382955E14
2.645303917131047E15
7.662947264515759E15
2.8189636364998425E15
7.976814478581479E14
1.7664154571643856E14
5.330740016477493E13
0.0
0.0
9.348425559997203E12
5.803959209297495E13
3.74358591482584E14
2.868240328498935E15
1.507530994405106E16
4.4118445215556528E16
1.0772969405964926E16
2.0317722917657095E15
3.024798715491387E14
1.2970290355495975E14
0.0
0.0
6.863339052986633E12
6.880887121863083E13
4.462021766235005E14
4.1940048177781E15
5.7640017401817496E16
9.9525229104744864E16
5.14770403630704E16
7.474527142628486E15
6.214214479618272E14
3.2255279439656633E13
0.0
0.0
1.7169043954319243E12
4.926126460252283E13
1.4077985920154598E15
2.5587977481890824E16
2.04950938772205472E17
1.90385384579154912E17
2.8443988228974048E16
3.758658014063348E15
3.8984028797546875E14
1.3188621100250504E13
0.0
0.0
0.0
0.0
0.0
0.0
0.0
0.0
0.0
0.0
0.0
0.0
3.0045026376544994E10
1.6609041313503247E11
1.7431416361758152E12
3.2134166268642293E13
4.845630567900601E14
9.872116177102859E14
1.0480418385616628E15
8.871126249134636E13
3.547856516103537E12
7.62439957974317E10
2.394883717734644E10
0.0
1.8096220337727448E11
2.0636750978072659E12
7.521941716895805E12
2.415050602111236E13
1.687220158089205E14
5.276627416864115E14
3.9885417873031194E14
6.170295653188959E13
4.559419144383336E12
2.8125215698120984E11
2.9167010002602623E10
0.0
6.384889590512303E10
5.752215671389646E11
1.7848320704423347E12
1.7159452355334242E13
6.618466773380236E13
1.4924841791779688E14
9.34240191529858E13
1.7658504969252895E13
2.125716182585811E12
5.226496186751339E11
8.481634390812196E10
0.0
3.1573726264900726E10
4.4800290507191E11
2.9771342836012217E12
9.844279459237104E12
3.417394890855167E13
5.389311954838567E13
2.354356406490867E13
1.322206274720516E13
1.2770815714870574E12
3.146767447256191E11
1.23040820027392E11
0.0
1.1091050287512479E11
4.134431073135765E11
2.1374815950815237E12
9.931371181745852E12
2.8975981754407234E13
2.4789794449560723E13
8.035564839765988E13
3.659111464797767E13
8.513510293783052E12
2.24611503545172E12
5.437452681760515E11
0.0
1.8830147476798016E11
3.7463835035001084E12
8.536567375110269E12
3.3067978939664043E13
2.013970914448805E14
1.6572304090381097E14
0.0
1.9424951829573128E14
2.7971404829644805E13
7.093045990217073E12
9.566291907361106E11
0.0
1.7927587142640562E12
6.353417990868483E12
3.346991486088419E13
1.9647116417799984E14
7.30928022419731E14
1.6772941918033448E15
8.451156111059656E14
2.412882746000438E14
5.8523413473797164E13
2.5331768626326336E13
3.5374068095245757E12
0.0
7.613082616126484E12
3.959987417967528E13
7.711093494313225E13
3.667474107513086E14
2.5702403819653025E15
9.335498261264624E15
3.5048652846490255E15
1.3299863152291532E15
2.0282457776039753E14
3.859475967243902E13
1.4616687528172803E13
0.0
6.632741703339048E12
5.0120899161285305E13
2.921866968054679E14
1.274090502766571E15
7.0697704889753E15
2.922354440662336E16
1.6630380148805778E16
3.991280132360815E15
6.103049902962042E14
9.030729661570889E13
3.731116287136628E13
0.0
2.231735042289753E13
7.030519347220678E13
4.078940071614448E14
2.270880159200817E15
1.6028884859277104E16
7.5519887476268704E16
6.0726888416263544E16
1.7893540920701816E16
1.141214481620779E15
7.042635744494972E13
4.0495156718070723E12
0.0
2.1177515887649514E12
1.522185977729331E13
2.987199566665198E14
5.956498929814646E15
5.6076714960319024E16
1.73114510588401248E17
1.51465455937640512E17
1.3223186825370632E16
6.629926748331176E14
2.8523996842401195E13
6.767476506289167E11
0.0
0.0
0.0
0.0
0.0
0.0
0.0
0.0
0.0
0.0
0.0
0.0
0.0
0.0
1.9097207457952755E10
3.322441281949597E11
1.1758900428554258E12
1.42056603252367E14
2.7836243808892056E14
2.2849912648125485E15
3.983941978185599E14
5.2159874101472695E13
4.2873777111990497E11
1.0830166171193318E11
1.8045511516836555E10
0.0
4.9639853938749115E11
1.2591946605506191E12
4.173146951016871E12
5.556213669592174E13
2.915613811768008E14
8.245149816793059E14
3.1716207723991444E14
3.249998074836312E13
1.4363931980083525E12
1.8668968884438116E11
1.574053892722686E10
0.0
1.7125924243965097E11
7.000048023088931E11
2.329362932064627E12
1.7004983137409797E13
8.608308657784305E13
3.364873751023904E14
5.651839310357944E13
8.191669657500008E12
1.362667056873785E12
3.897859823476267E11
1.0346837091876929E11
0.0
4.920187451135484E10
1.191303863552792E12
2.499779327585797E12
8.938121311282035E12
2.4607842052196984E13
6.670054330408103E13
4.2716388342869125E13
8.208697362597776E12
8.108758866614663E11
3.944155545202321E11
1.1717836196995982E11
0.0
8.056752969184677E10
7.372590703960472E11
3.863736020381915E12
1.5582073236170271E13
3.4034256990877293E13
3.055032514354711E13
1.1652848067235962E14
2.366117375907926E13
5.686912680129698E12
2.395677576551838E12
4.7741599278659973E11
0.0
3.9602759514181934E11
3.761545333898207E12
1.1862273419114104E13
6.411443779865131E13
2.109766072930843E14
0.0
2.5315139410508638E14
1.377280065375192E14
3.46153599451824E13
5.643014602314121E12
9.361790909613477E11
0.0
1.3833604704100588E12
9.258703806208648E12
5.616439263812889E13
2.5761383452123294E14
1.4615798410480492E15
1.4584555815315928E15
7.407792663753489E14
3.7622160502764875E14
9.20739564350766E13
2.0538259426658594E13
2.8564644927866064E12
0.0
8.774098835148896E12
2.7435606227767305E13
8.747207467934148E13
4.8846399431870675E14
1.6703796454704202E15
1.0929122907568308E16
2.142050146503911E15
1.0916644389932632E15
8.882931643849333E13
4.491438731360027E13
1.096715470985895E13
0.0
1.2800302830162004E13
5.294010630554296E13
2.1975701383545503E14
1.9253240918283225E15
1.459027035135124E16
3.2057321086215356E16
1.5245861757427574E16
3.534958983948411E15
4.196809620320886E14
3.560820242812641E13
1.945171201489951E13
0.0
1.4715038657377418E13
3.842544811499169E13
5.106992196333715E14
2.78960159954345E15
4.2886305800366704E16
1.6823272170712576E17
4.233469181075796E16
5.921310968871168E15
1.066375802080886E15
9.999692775394216E13
5.296063400529244E12
0.0
9.859163123023572E11
2.56205358275048E13
5.161271762576552E14
1.6299252869109052E16
1.06320109727971504E17
2.9584622906073235E17
7.5047578464129648E16
6.806690327697893E15
5.207250605647299E14
1.7097815048106865E13
1.5801532299338462E12
