0.0
0.0
0.0
0.0
0.0
0.0
0.0
0.0
0.0
0.0
0.0
0.0
0.0
0.0
0.0
0.0
0.0
0.0
0.0
0.0
0.0
0.0
0.0
0.0
0.0
2.1273763580491227E13
1.3175879420382215E15
8.613866241633756E15
9.6043907229793488E16
2.44127490900889152E17
7.7064924949621722E17
2.00569315045229376E17
2.1954820702723024E16
4.0219975397220845E15
9.110047448984895E13
5.501375240360655E12
0.0
2.895203545767993E14
5.08322998251668E15
2.3658231205104832E16
4.542814829066048E16
1.36403452892640864E17
4.0256271799616922E17
1.5846997819703008E17
5.252546360150328E16
4.073657543684115E15
3.3632901554009525E14
1.0659519881779668E13
0.0
4.1153098757194825E14
1.5261411578257945E15
6.326002895131472E15
1.7602344049697754E16
8.3217147753211504E16
1.11285355159598864E17
9.397774313400096E16
1.1048958164075538E16
7.061981473882798E14
1.1710113192926888E14
3.130711636784181E13
0.0
2.116079023193183E14
6.971647554689668E14
2.89306115795131E15
7.384584139793426E15
1.6814377800016312E16
3.170642254091814E16
1.98492054609007E16
3.577142051481508E15
1.6773353409802055E15
6.713848415467569E14
1.7393393103594575E14
0.0
1.2604413105869385E15
2.840504686474984E15
1.365525319964637E16
2.0860922704230844E16
2.6738603972643256E16
0.0
1.2312446388603096E17
2.4021409017585404E16
5.717700570550723E15
2.365852699263846E15
3.861185202334015E14
0.0
2.7139370811303355E15
1.4274485686778584E16
4.7254072344701784E16
5.744953386303696E16
1.20062137499040224E17
4.4929889870472723E17
3.7727221747178419E17
9.5411756594692528E16
2.0455285607739624E16
6.378833088995728E15
3.0159612476725925E15
0.0
4.2654384322170815E15
4.3972096707705856E16
1.16052454110431552E17
1.69467728396343904E17
4.1553403689849357E17
1.06599596530742477E18
9.4058527048076288E17
2.9495776388998221E17
1.07458994628181968E17
1.564319545333999E16
1.1625077889488988E16
0.0
1.278748622136945E16
4.957140173943412E16
2.55245392997687584E17
6.213812159829303E17
1.85571817498003098E18
4.6896739416753787E18
3.2987680531290122E18
7.4069918428667443E17
1.67925032345553664E17
8.2524618929861792E16
1.9083037458556892E16
0.0
7.241375630998292E15
4.7372619229337296E16
6.5833871425677862E17
3.9850383469358275E18
5.0167779433212191E18
2.809182594337633E19
1.9626847005668495E19
1.98473180180224794E18
2.9761720499065946E17
7.1844937078270552E16
4.516684335024682E15
0.0
3.10734138520222E15
1.9864515029640156E16
6.4916380496060467E17
5.4018060985054474E18
2.489368322608698E19
1.8797510823795845E20
4.338679326316609E19
2.18270286308626688E18
3.178302057779232E17
3.230285380443048E16
5.669170608102116E14
0.0
0.0
0.0
0.0
0.0
0.0
3.5326388691831956E18
0.0
0.0
0.0
0.0
0.0
0.0
1.2186413137901234E14
3.9828566240335285E15
9.836879142195656E15
3.3813194968885252E16
1.87856004232617856E17
9.8336217658512742E17
1.49916357233674752E17
2.004749316848812E16
2.7545250773878435E15
1.5178699814992038E14
2.8016942897661436E12
0.0
2.6119605921616325E14
1.0075084145282055E15
8.180207508324407E15
2.1815390505274264E16
9.7817821576418368E16
2.956061776718537E17
1.1304222712015232E17
2.3372231324280556E16
7.359483646942778E14
9.158630702432694E13
1.933102270476835E12
0.0
1.7583355602594406E14
6.004243308880708E14
6.935599540969421E15
7.210227692032913E15
3.1801397469878572E16
5.0237756688758928E16
3.1413608565557408E16
8.291484618264745E15
8.872844121014064E14
3.358191337827628E14
1.324823338464809E14
0.0
5.46295148963574E14
2.542426374721639E15
1.246367683400521E16
1.9035117823800968E16
7.2762338200335584E16
1.8143047654367184E16
7.1297127673705832E16
1.123195120208428E16
7.056373248639458E15
2.8258085233276705E15
8.032807226725741E14
0.0
2.571079994620245E15
7.270915599182398E15
3.9769121451906792E16
7.8860471084011088E16
1.64653426877404352E17
2.574003519568836E16
4.3970914321467328E17
4.9399616406286136E16
2.878790787301716E16
6.819670705245564E15
2.847429063444711E15
0.0
9.771384205303364E15
3.0317434192179448E16
1.75715664426543616E17
1.77484067446980192E17
4.883940914586663E17
0.0
1.0418042793598249E18
3.1608592780039526E17
1.19518327040546816E17
1.460078938790064E16
1.1077440604349214E16
0.0
2.3529936012885276E16
4.8499148839923944E16
3.6098876758374931E17
5.0300316123454554E17
1.54672169693943731E18
3.7877351540501576E18
2.576282469175038E18
9.1361997768119565E17
3.4023523016765325E17
3.475929399566266E16
3.1804055005196796E16
0.0
2.1772111907652624E16
6.1834405174023184E16
8.7847416905912768E17
2.601186535302572E18
4.4541347541895798E18
1.3385206493195717E19
9.1317275389139272E18
1.57495347006382592E18
8.8292196100277171E17
1.2373690741476544E17
1.9849431162019968E16
0.0
2.3305322818687744E16
1.11377729078543664E17
1.26946746805637376E18
9.258560599743545E18
1.6573443991866472E19
6.024547005138536E19
4.04201647352493E19
3.3108911817591122E18
3.8251374165595776E17
8.4103906734900544E16
9.940221624289548E15
0.0
3.84391319438591E15
1.823746144104618E16
7.5478492142914547E17
7.5385503892642775E18
5.790555688053301E19
2.1745773335698506E20
1.1584866991701665E20
5.0886287334590976E18
5.0987428948891872E17
1.054395967832911E16
1.8155876608534975E14
0.0
0.0
0.0
0.0
0.0
0.0
0.0
0.0
0.0
0.0
0.0
0.0
0.0
0.0
0.0
0.0
0.0
0.0
0.0
0.0
0.0
0.0
0.0
0.0
0.0
0.0
2.8898534780601055E13
1.1243299033076048E15
8.997209756105657E15
5.3648578311341752E16
4.6450393801976576E17
5.260552219441353E17
7.4243053625247984E16
1.6431884840498138E16
1.2186104151362078E15
3.5685491726050516E13
0.0
0.0
3.6590247880811706E14
5.159861690996705E15
1.7007993360085856E16
5.8289388892677136E16
2.364863715421584E17
2.5132108005997984E17
1.15700547755578592E17
1.8978718064620804E16
3.406024076556297E15
2.3398665463623688E14
0.0
0.0
4.4225416243020144E14
1.606487865993258E15
7.312752538204676E15
1.746847241561379E16
9.1950668933624032E16
1.00512975863893072E17
3.2837009395596124E16
6.602225372269104E15
1.1164227656128026E15
1.9015069020584288E14
0.0
0.0
6.7805575981028164E13
6.59049861027578E14
2.92059255424534E15
7.197502879163488E15
2.8950420065211208E16
4.9099386691635728E16
2.6209985176572296E16
2.668782473125006E15
7.86379098709496E14
5.678928692287754E14
0.0
0.0
1.1658205274114245E15
2.474614445380368E15
9.639719640836114E15
2.0698432059272556E16
7.8143253990869696E16
2.8727640141367464E16
1.17664411061081216E17
1.3845608982276318E16
6.23184416649284E15
1.763641802267309E15
0.0
0.0
2.2269717329630935E15
8.967777194479074E15
6.9727853676718488E16
4.4122949707282648E16
0.0
3.6438656158497088E17
2.63459267638191808E17
7.427773515623488E16
2.8373566954549376E16
6.656744696719108E15
0.0
0.0
8.584205961857548E15
4.1966075622891216E16
9.7611128978989024E16
1.86864256184738432E17
4.9760130290989811E17
8.0618419084365478E17
9.4096353561194662E17
2.53124478234001728E17
1.12924958341886128E17
3.6095842698206648E16
0.0
0.0
1.5640058421038472E16
7.7559028071736E16
2.31512261141769504E17
6.6185316200806131E17
1.01177171997328371E18
2.00364749357233306E18
2.5346213544328289E18
7.5481162024889754E17
3.0204394897026458E17
7.0109217398666384E16
0.0
0.0
1.5993037863445114E16
6.886875618052104E16
1.11154886602983552E18
1.84385795781577139E18
5.5787853971682294E18
2.8851551505896178E19
9.69772873763927E18
3.4480604711566756E18
5.4469004182042746E17
6.0226024130708632E16
0.0
0.0
1.2476562496500986E16
1.19835996605598512E17
1.25123445810659917E18
9.81683803979349E18
3.281864297222749E19
7.362222837797759E19
2.5192267574948E19
2.3145927959815557E18
2.175248548485088E17
5.5251726039864704E16
0.0
0.0
2.797490100068741E14
2.9120037921038112E16
7.7069309737448269E17
1.554506492205117E19
2.4515244174705302E20
2.334206428144553E20
4.176026213685416E19
3.4471807671630679E18
2.5554387518975872E16
2.914755393069403E15
0.0
0.0
0.0
0.0
0.0
0.0
0.0
0.0
0.0
0.0
0.0
0.0
2.1548836463402957E13
1.4072662387897772E14
8.532340123929729E15
3.7375036061276696E16
1.36463999787937088E17
5.6180306760594003E17
7.0862217932854656E17
3.921378319127716E16
3.6165615069656415E15
9.005273360830605E13
4.996623658615266E12
0.0
4.707955691278143E14
3.033202948888796E15
1.8047492401094976E16
4.7873951519937584E16
9.853991323497328E16
2.76223652779037632E17
1.69561553858346432E17
5.6691576212767616E16
4.452900467456995E15
4.737303840627845E14
1.4631266341011129E13
0.0
6.989007780265824E14
1.670843410378919E15
6.989839994408202E15
1.6980130943473166E16
5.7315158562587424E16
2.03797257147424704E17
4.8188755422263488E16
2.4580428313152868E16
1.682930157312406E15
3.0552803543783275E14
4.455387588465021E13
0.0
8.283974342735764E13
7.103637669751912E14
3.035539108793641E15
3.342272371814933E15
2.03737474178133E16
4.8963840407510576E16
2.6948519601427036E16
4.56117571771059E15
1.254256648037916E15
6.969862950931101E14
2.0269108030466325E14
0.0
1.3561634606402512E15
3.1138267739217115E15
9.252236927742132E15
2.348144651318234E16
3.9303138337289128E16
1.7933231889513218E16
7.1433060867743408E16
1.7859882662536468E16
4.251708363869363E15
1.8690719744770108E15
5.960599428074752E14
0.0
3.294808132583619E15
6.975608350598358E15
4.2234666993173424E16
6.2401010912031728E16
7.063798622814616E16
1.34551915354157904E17
0.0
1.01672241199661648E17
7.522298674483513E15
3.5805290388249795E15
3.088180984394758E15
0.0
7.649333724135631E15
3.2624544965300296E16
1.2069968592555568E17
9.9923681142998944E16
3.2872104038739667E17
7.7754771678541824E17
6.370930431455575E17
3.712634783902464E17
8.8743481125235616E16
3.9656635115285352E16
1.3134761791026146E16
0.0
1.7659049823647864E16
6.5096669383352368E16
2.24137266402704704E17
6.6686414562853274E17
1.25273051299979802E18
2.8383586427854909E18
2.0755050437357737E18
7.4937796998169037E17
3.1352505616346938E17
8.6733120547776224E16
1.90832177475119E16
0.0
4.617263230646326E15
5.218953267858144E16
1.95084566358268864E17
3.1841503934861496E18
3.8316385047133373E18
1.5535842852723724E19
1.2811353368387242E19
3.0176040503590851E18
1.07778410586550605E18
8.5263293070755568E16
5.790925564875338E15
0.0
9.56040214907111E15
9.3209735787551488E16
4.8765047644005376E17
4.9662851509880709E18
2.1656416306454077E19
6.6240541561995E19
5.5471741693268754E19
6.8848697120103547E18
5.3754701015358579E17
4.7575708419558032E16
7.98164172685704E15
0.0
1.08766588826462E15
2.6039006620981696E16
3.5872166365168115E17
2.7318796021398124E18
3.369459402339017E19
2.1348139178182833E20
2.2580433927753525E20
1.019588705258284E19
8.2061572808840013E17
1.226118860823201E16
3.183808611143533E14
0.0
0.0
0.0
0.0
0.0
0.0
0.0
0.0
0.0
0.0
0.0
0.0
0.0
0.0
1.3399010821175127E13
3.170949900949095E14
6.521584782430481E15
4.0767588162509544E16
2.423503778763784E17
1.13158689974360422E18
2.1147705982412416E17
2.0509942966413044E16
1.6000877014912542E15
6.4763600463743234E13
1.8516995149600762E12
0.0
6.920518810078507E13
2.755080737033161E15
2.360355335159936E16
5.5288219521602936E16
1.4577144091541216E17
4.6725946246355136E17
1.61348853065277056E17
3.7872328270550184E16
3.795727277806201E15
1.467673854587212E14
1.4923400001353559E13
0.0
6.493798892610706E14
1.389520678013295E15
9.35089832721377E15
1.2394493872978494E16
1.08748964904239792E17
2.30285284636123584E17
8.3900792712146928E16
1.5798436462108476E16
1.0015609043893645E15
1.8917123369189328E14
3.764249683856864E13
0.0
2.0684156275828666E14
6.675539670526312E14
3.8955691376570965E15
6.31156676547798E15
1.5255450751706212E16
3.0039710241006592E16
2.1648714198116284E16
5.388868746531376E15
1.1921707178833295E15
6.648228777786519E14
1.182399178160904E14
0.0
1.023345595337829E15
2.440659561584888E15
8.881518718206446E15
1.2602783820908552E16
4.6763982340825096E16
2.4891454402629496E16
1.42526359217228016E17
1.503008907256255E16
5.363099049419536E15
1.2822665290791295E15
5.715875965982935E14
0.0
1.8965410764398678E15
6.943077600072278E15
6.0440518706950552E16
4.2473289721427968E16
1.30505694584067936E17
0.0
4.0077941388092269E17
9.3816683193172032E16
1.8026434604280356E16
7.827096804647305E15
3.37728857851283E15
0.0
7.38811856682372E15
3.934610070694496E16
1.29831875106168464E17
1.67922243751379616E17
5.918690425286935E17
1.30322435843460557E18
9.1143580396220659E17
1.9796326115829344E17
8.0503373693619584E16
1.8660747166770288E16
9.94784605967662E15
0.0
2.1597691430447668E16
5.7248178472302424E16
2.32399612804060288E17
5.1870595598409933E17
1.35542550259343386E18
4.5041191216028652E18
2.755439852953088E18
8.7178463226782093E17
3.15973437281504E17
8.7271284296507056E16
1.1078763877601268E16
0.0
3.8773394236497915E15
3.6041881781726608E16
8.0735324818365261E17
1.74970787757756954E18
5.0047223685904241E18
2.6326973264836907E19
1.304269140219708E19
2.15435161002356326E18
5.0095279363180531E17
1.6512162782741824E17
2.0478338575516998E15
0.0
1.1579479892386644E16
1.3060736216360272E17
5.9444819746943437E17
1.1516786510865009E19
1.6007401161999294E19
1.1978545716780047E20
4.366753646483043E19
5.3064619659397724E18
5.6787296456389491E17
7.178409826971592E16
3.480897897924968E15
0.0
3.703405268190821E15
2.2995394266202136E16
4.6449972146948006E17
9.868020506385285E18
1.4236265115498208E20
4.292468015434018E20
8.062159679687718E19
4.0560058081984901E18
2.51782135994889088E17
8.298820551949191E15
1.7712701420409838E14
