0.0
0.0
0.0
0.0
0.0
0.0
0.0
0.0
0.0
0.0
0.0
0.0
0.0
0.0
0.0
0.0
0.0
0.0
0.0
0.0
0.0
0.0
0.0
0.0
0.0
1.5292882065634725E13
1.8778523789455688E14
1.10096669286114E15
2.5689755578205756E16
1.2785676880491728E17
3.492403411553433E17
1.04616110752246864E17
9.262148433733556E15
1.8728708935662285E15
5.376160752891795E13
5.501375240360655E12
0.0
8.315459148440234E13
2.032285852058334E15
8.719234843517025E15
1.8491607698819396E16
5.7879809655896256E16
2.20552543280465856E17
7.9264788514062336E16
1.8289950711830648E16
2.593986053502717E15
1.463291929005108E14
1.0659519881779668E13
0.0
1.1148589434314267E14
4.869498098786544E14
2.0913409210526315E15
1.116540384403033E16
2.9767649470719708E16
8.5723779742892528E16
2.5535586939425868E16
5.153385855312373E15
4.857093328405489E14
4.6055736009502875E13
2.4735426697388562E13
0.0
8.486226875467506E13
3.1851145080088406E14
2.3633548925060885E15
2.027881714947926E15
7.238811361399747E15
1.496064607420637E16
9.884380644036662E15
1.5639266466705825E15
5.647644860179659E14
3.278576943008948E14
1.0065125754064538E14
0.0
2.256012445274798E14
1.6608444781878625E15
5.707076250040429E15
1.1944420682892898E16
2.6738603972643256E16
0.0
2.5179907813836512E16
3.5393112152812105E15
2.1590480976767128E15
1.610838638408141E15
1.9635559369481828E14
0.0
5.67573858255641E14
4.596212163046412E15
2.1075430369623252E16
2.6536038218687936E16
8.6056223488153024E16
4.4929889870472723E17
1.75265011273636704E17
3.922563087741596E16
6.943616265842787E15
3.3973366532099275E15
1.323198383141202E15
0.0
2.1630380765595795E15
7.188503798000785E15
7.496717517589432E16
1.16081300217361536E17
4.1553403689849357E17
6.0507750621038682E17
3.5220754035488755E17
1.35463334470306E17
3.890895902699212E16
1.1400069665152516E16
5.93610879218115E15
0.0
7.545020854035271E15
3.32043554408304E16
1.95831322390542016E17
3.3823728964868755E17
1.4281240745845207E18
3.0673641368600709E18
1.86181382137339162E18
6.0477872055022426E17
9.2856415756183744E16
5.3468978915811264E16
6.924102576292615E15
0.0
7.241375630998292E15
4.7372619229337296E16
4.4825731861201382E17
1.48899202098631757E18
3.222579493606935E18
2.3335846242569044E19
1.0758473204124146E19
1.56041295393964954E18
2.9761720499065946E17
4.4720430156533992E16
2.533474081556467E15
0.0
3.10734138520222E15
1.9864515029640156E16
5.5158667660407635E17
2.3431242169381274E18
1.3787839299664525E19
1.2055156418359635E20
2.0314754209639424E19
1.7469438701422807E18
2.57318946444371648E17
3.230285380443048E16
5.669170608102116E14
0.0
0.0
0.0
0.0
0.0
0.0
1.76255515495975629E18
0.0
0.0
0.0
0.0
0.0
0.0
5.234460273430032E13
8.658230610814004E14
2.101771696966027E15
5.432892400142846E15
1.05439187174042624E17
4.94501008517232E17
5.9928887954408496E16
1.0431421884828688E16
1.1413340418950755E15
5.6787086830128164E13
2.8016942897661436E12
0.0
6.9698799210831375E13
4.208351368100536E14
2.688510462781387E15
8.730452758538216E15
4.4954734694815376E16
1.77471652199935808E17
4.8448795158695712E16
8.00292683178478E15
3.609736993557334E14
9.158630702432694E13
1.933102270476835E12
0.0
6.93375620845206E13
2.344595406444447E14
3.1912866722292135E15
4.363765298986901E15
1.6667637717011776E16
2.6772979215544612E16
1.3120860962854132E16
1.975409378859315E15
4.846361183221409E14
3.358191337827628E14
5.919966035118055E13
0.0
2.292070653206767E14
1.3950893685826698E15
8.708883261265268E15
9.156783486436986E15
2.0796854788474476E16
8.0983966395738E15
3.3326238051791632E16
5.561396756249022E15
1.9101387702086002E15
1.1891521961811245E15
3.9625549951664725E14
0.0
6.243112674388018E14
4.950514580244434E15
2.540754148016026E16
3.7916574271670584E16
1.2192229988491392E17
6.878422877311289E15
8.96579267469528E16
2.5646678909305432E16
9.424815070911678E15
4.202988512627703E15
1.5118409198065298E15
0.0
2.586296628895672E15
8.69789806913653E15
8.4296453779922048E16
9.8847666331555296E16
3.1740510526545216E17
0.0
4.9554983290688064E17
1.44797051817632768E17
3.2014374781898588E16
7.734140805421077E15
6.782720925124236E15
0.0
1.0710055213390462E16
1.0266154439040816E16
2.54239772465670272E17
3.4397208146815424E17
1.25230509129151974E18
1.59655407327403238E18
1.40080381586535834E18
3.9875712436376179E17
1.85722335722221632E17
2.8567405052031632E16
2.1133156871288228E16
0.0
1.3604634348263026E16
5.3543311103796752E16
5.1950396287370938E17
1.53421004939573453E18
3.1335881117080632E18
6.7985648223254825E18
5.2405438711083069E18
1.38198431994969088E18
4.2193320748376141E17
5.4288927082660936E16
4.81416784356866E15
0.0
1.5382495276745866E16
1.11377729078543664E17
9.6468393608298573E17
6.769888600680065E18
7.0223943373231206E18
3.04982565682617E19
1.7104213527035963E19
3.3108911817591122E18
3.2200248232240621E17
6.5614294072777288E16
7.984927536665417E15
0.0
2.0688241914903008E15
1.823746144104618E16
7.5478492142914547E17
3.889621515391425E18
3.703486360483113E19
1.276887633107274E20
4.875920668345786E19
3.2253213637260436E18
3.6336910688448832E17
9.171088391640814E15
1.8155876608534975E14
0.0
0.0
0.0
0.0
0.0
0.0
0.0
0.0
0.0
0.0
0.0
0.0
0.0
0.0
0.0
0.0
0.0
0.0
0.0
0.0
0.0
0.0
0.0
0.0
0.0
0.0
1.6936771750888047E13
1.0870853778956752E14
2.435377103928197E15
2.6014832867113856E16
2.63597791842387648E17
2.9600704721865798E17
3.0704560076414168E16
6.277747025306563E15
2.2420475052567866E14
2.6156789828709227E13
0.0
0.0
7.776202024947786E13
1.1346686784011338E15
8.39769878133484E15
2.731526665953502E16
1.32755757704768288E17
1.47663823454706176E17
4.2669936875686488E16
8.567918300140651E15
1.871155503297958E15
1.3898674331644466E14
0.0
0.0
1.098108535193838E14
3.94918751564262E14
2.702774612884738E15
9.128114577083016E15
4.5878280324131552E16
5.1663902854880528E16
1.644972348753774E16
1.7064127030371985E15
6.626977416847909E14
1.5462799224595988E14
0.0
0.0
5.3107161488397695E13
3.3220028508660506E14
2.0812521962921038E15
5.40916843679556E15
1.1378138072546462E16
2.5634609218421404E16
5.617726005488975E15
8.929309438526995E14
7.86379098709496E14
3.814192767732188E14
0.0
0.0
4.3989616263570975E14
1.27408453029425E15
5.274558919296947E15
7.289984103526729E15
3.4895480135455464E16
3.014956219822817E15
1.5861554627221952E16
4.779317421769686E15
3.12003095201851E15
1.3267357665119055E15
0.0
0.0
1.0746123249271724E15
2.965360100231061E15
1.7283267349115234E16
3.0898572677857496E16
0.0
9.5302803134875696E16
9.6005979297846912E16
3.010637305716882E16
1.1212737358891614E16
3.8772434748977785E15
0.0
0.0
1.91232977000295E15
1.8786729395133724E16
6.2380495890794176E16
1.50867808369873696E17
3.7983528309657357E17
4.7662433460992397E17
4.4466693192466368E17
9.4397878154844144E16
3.6595035168479008E16
1.4885431750168918E16
0.0
0.0
1.0979096114205838E16
4.1202741736734144E16
1.09507032260810208E17
3.5569095295974579E17
8.7859422522569101E17
1.71470848862350003E18
1.01691089030475494E18
4.1635373730479808E17
1.2775934323796432E17
4.5872173548302464E16
0.0
0.0
1.1909299083750314E16
6.0577662110294608E16
7.3585538476113037E17
1.84385795781577139E18
4.6722472908887081E18
1.3026099247419519E19
4.5404505909208212E18
2.22954227781211136E18
3.1911184613807712E17
4.6663770669840352E16
0.0
0.0
1.2476562496500986E16
1.19835996605598512E17
9.8170711278661043E17
5.3965302946782751E18
2.6388078204471144E19
2.455926314725398E19
1.0253152775152613E19
1.42379433726003712E18
2.175248548485088E17
4.600691970880308E16
0.0
0.0
2.797490100068741E14
2.9120037921038112E16
6.5458821428354061E17
9.919100020407484E18
1.3811750665479827E20
1.2434337990233224E20
1.8347314354492346E19
2.6674199070971433E18
2.5554387518975872E16
2.914755393069403E15
0.0
0.0
0.0
0.0
0.0
0.0
0.0
0.0
0.0
0.0
0.0
0.0
9.58707343368995E12
1.4072662387897772E14
6.312744051580769E14
1.3033856890024858E16
7.843768602467824E16
2.15584723979989696E17
2.88219867863081024E17
1.952230288616916E16
1.576721357741875E15
7.099532981362345E13
3.884960090895173E12
0.0
7.330345242117773E13
3.06795669875328E14
7.279374974011798E15
2.7427084185482076E16
5.1459209824757808E16
1.43790263583988288E17
9.279739123706024E16
1.8226970271608704E16
1.5336682379638745E15
2.6825475899357106E14
8.724329750062281E12
0.0
1.2626542674150106E14
6.511566970125288E14
2.5546817072544225E15
8.241821418513179E15
2.9008672113136984E16
9.4050811204388288E16
2.6099088958298752E16
8.153371091779298E15
4.9211124283676225E14
1.7815333147485962E14
2.332909220999545E13
0.0
5.0548134714171414E13
2.865537487206605E14
1.0304004020556632E15
2.6886603020812765E15
9.559276416870944E15
3.074753721214592E16
1.1057788355002624E16
1.4281578013773738E15
5.737893603084062E14
3.04583884444655E14
1.1640263691968975E14
0.0
2.062009335692885E14
1.3928212647132585E15
5.497443355002192E15
5.924582975019685E15
2.5977044007119152E16
7.154817008366777E15
1.3885341695558812E16
7.818645678302704E15
2.0566563593221348E15
1.1674949843974445E15
4.307995956109034E14
0.0
6.2498248625029E14
4.33782091278995E15
1.4175174622096616E16
3.64276152522488E16
5.714826925436444E16
1.07572481406594448E17
0.0
3.8945982144732496E16
6.161687746252823E15
2.1983990127487712E15
2.1399977250988015E15
0.0
1.2992305584331075E15
6.606027117112324E15
6.789535974727592E16
6.7914887316484784E16
2.22275107627617472E17
7.0969416867127181E17
4.9909325406262323E17
1.96320555501709376E17
4.734920718963648E16
1.362199678580372E16
3.959495343875037E15
0.0
1.08129821285243E16
4.4573031953886056E16
1.38890786907014944E17
4.7920984029438765E17
1.11955301825220531E18
2.5494196378366577E18
1.39540847549229158E18
3.9226659054811866E17
1.56051384277107968E17
3.5361506355068912E16
1.0222180249745132E16
0.0
2.399208091806615E15
3.5607344538128576E16
1.95084566358268864E17
2.15243009423271117E18
2.17399764357302707E18
7.9900127539472456E18
4.506846018936405E18
2.19642092876998861E18
5.2811280155930438E17
5.3345249490769064E16
5.790925564875338E15
0.0
9.56040214907111E15
9.3209735787551488E16
4.8765047644005376E17
2.29593243191831347E18
1.5549417470752428E19
3.714974636864987E19
1.5796610389517226E19
2.5258245466457088E18
4.7703575082003424E17
3.8330902088496408E16
5.63344337016279E15
0.0
1.08766588826462E15
1.5727793447150284E16
2.42616780560739136E17
2.7318796021398124E18
2.0437216796034114E19
1.3280143950612323E20
1.234207510283706E20
5.4463242550507674E18
5.6074519943234125E17
1.0888317321543714E16
3.183808611143533E14
0.0
0.0
0.0
0.0
0.0
0.0
0.0
0.0
0.0
0.0
0.0
0.0
0.0
0.0
1.3399010821175127E13
8.796114561157044E13
9.511402615070798E14
1.6094301094317184E16
1.53199442937186848E17
4.9213177943604762E17
1.3292202081087952E17
1.2206191127046908E16
9.555589810641504E14
4.570619666906064E13
1.8516995149600762E12
0.0
2.1447800999761477E13
1.2206949247655405E15
1.0159661902889458E16
2.1489591299304568E16
8.5523431593006592E16
3.2953515374192109E17
6.2270500807760464E16
1.5871448477903026E16
2.989131760059817E15
1.467673854587212E14
3.1095268194558643E12
0.0
1.299562553327356E14
3.7212711396252575E14
2.50809714081744E15
5.039761961617779E15
3.6208771260560936E16
1.57019897106324832E17
3.5946873268446256E16
5.530711747053836E15
8.284304587827896E14
1.6100657967028972E14
2.2989402834367125E13
0.0
1.0157148135265492E14
3.0109111807477506E14
1.4285181487182662E15
4.2071573789016915E15
7.834239312396871E15
1.8591081640221088E16
7.342378721682082E15
2.0792361925334695E15
7.358677041806292E14
4.5596610907318025E14
3.52029169035352E13
0.0
2.401033868325319E14
9.53295394964028E14
4.954947800793336E15
5.871070675487216E15
2.2597313532075392E16
7.907768447442212E15
2.1618166503501156E16
4.801109067998328E15
2.3015144165188085E15
8.721878532854434E14
2.0131624245538356E14
0.0
5.422195940298533E14
3.38545882195432E15
1.8012975309596288E16
2.1941389012152444E16
1.17015977610286224E17
0.0
1.49245369081335296E17
3.4709823710312872E16
7.195412443629717E15
3.595807032650938E15
1.5709092091898072E15
0.0
1.1805772699809448E15
6.50226893336882E15
9.121699063782664E16
1.01133489196630256E17
5.3298603262203123E17
8.2028812629321062E17
4.0609906293544205E17
6.6291375904286688E16
2.0150044720724608E16
6.858478786385879E15
5.062303859138707E15
0.0
1.664597759336426E16
2.7198707220721164E16
1.11105123114140704E17
3.8829810178546189E17
1.08907051309824845E18
2.7884985597835622E18
1.51068616632587162E18
4.663912268460089E17
1.1649595165205024E17
5.7000437482464784E16
6.948863812271984E15
0.0
2.364027280779327E15
3.6041881781726608E16
4.007528757116153E17
1.0762202171598327E18
2.9881604471745413E18
1.5349237146719855E19
4.9008164760198615E18
1.96138245990942822E18
2.6554223579514528E17
1.14847794128313536E17
2.0478338575516998E15
0.0
1.1579479892386644E16
1.3060736216360272E17
5.9444819746943437E17
5.619044819713748E18
1.1756630640051896E19
7.48364277982257E19
2.3550912492804624E19
3.7240184345440532E18
3.2582792722968845E17
5.3294485607592672E16
3.480897897924968E15
0.0
3.8343192401565525E14
2.3729679185393085E15
4.6449972146948006E17
5.3505099186809815E18
7.709700039144672E19
2.9513620931394463E20
3.891854844586219E19
2.19269843846543565E18
1.38416789943260512E17
8.298820551949191E15
1.7712701420409838E14
