0.0
0.0
0.0
0.0
0.0
0.0
0.0
0.0
0.0
0.0
0.0
0.0
0.0
0.0
0.0
0.0
0.0
0.0
0.0
0.0
0.0
0.0
0.0
0.0
0.0
1.1142804753098786E7
1.1678505009364384E8
5.561039572995803E8
4.2327281857377844E9
2.2806661819814194E10
1.5256708891090808E11
2.2591886953358517E10
3.1075449633508606E9
2.910574583956425E8
4.359917277058233E7
1704871.9242479876
0.0
1.2198153938546801E7
2.929884942992275E8
9.171869954096574E8
3.5407166075659566E9
2.293187290555478E10
8.814004453578719E10
1.0194573412744402E10
4.2585498807550335E9
2.056801416842705E8
2.554825752017497E7
4297149.640281113
0.0
8517334.992785806
8.442139668471378E7
2.929904603010396E8
2.0600636395905223E9
1.4340521164446877E10
3.242370404795229E10
1.0299918069588821E10
1.3262818545627663E9
8.675898689720225E7
1.6479743680331923E7
4884977.6696502855
0.0
4603821.13256797
4.047008876707236E7
9.83677092896104E7
4.3811957456351036E8
4.186452677539983E9
7.296674451122232E9
2.341124679304311E9
4.357851581915208E8
5.799613541844772E7
2.3475384426745206E7
6506935.468907258
0.0
5758689.484624258
2.5611920115973104E7
8.913373354263377E7
4.9975632573205435E8
3.358883359084917E9
0.0
4.1158058077506366E9
8.107766648213085E8
3.815208331863645E7
3.3168079453393847E7
3956680.5032797502
0.0
1.5101947795049565E7
1.1347733719225237E8
1.6041462820570838E8
1.513696496403227E9
7.706944064020171E9
4.126489622263007E10
2.1366767034223633E10
3.232865607127932E9
3.217694706912401E8
6.679306100942756E7
1.5658943674397975E7
0.0
4.740882069739572E7
3.5577886709252524E8
8.831029738200792E8
7.9726301586816635E9
1.2332895290708237E10
4.743455653409685E10
2.2646998385325096E10
1.288943810377553E10
8.691323631967247E8
1.4026307412415922E8
6.681500512982761E7
0.0
1.2645815503548682E8
1.9490125236205363E8
2.1659419678359528E9
1.4093037781670536E10
1.2426705192930536E11
3.418922210081903E11
7.601965110261322E10
1.207554909381126E11
4.326990587211973E9
7.413370825822065E8
1.838713724661122E8
0.0
1.0671100361232899E8
1.2575635941696525E9
4.684789422736672E9
4.904519104636937E10
3.1890660688891754E11
1.6246899998926582E12
4.301414990349275E11
2.3709690361624835E11
2.9743067255979056E9
1.166230604632001E9
2.411412802536528E8
0.0
7.337827886542393E7
1.6166508485104403E9
1.5033006608950357E10
8.640987536994597E10
9.166207557571151E11
5.367061519714904E12
2.1255920453181968E12
2.1943342141471188E11
4.490317497141725E10
5.374851924955854E9
2.4989871377287038E7
0.0
0.0
0.0
0.0
0.0
0.0
8.448112827786405E11
0.0
0.0
0.0
0.0
0.0
0.0
1.0105310184895344E7
1.0880255694436808E8
7.673324173568983E8
3.791663935235899E9
2.1359347471229786E10
1.9016596314873468E11
1.689349954954398E10
1.1319239185293784E9
1.2962757221690667E8
1.20109035622935E7
1672323.7809754154
0.0
1.284032463145013E7
9.04712444177782E7
2.3790846026513243E8
2.827677961787504E9
1.7544554507824688E10
3.5695421933208E10
9.595104202840149E9
6.66194121770923E8
1.4734613155396056E8
6227172.164412908
1101727.7245105673
0.0
6624004.896059007
3.753460247035883E7
9.236190727541299E7
5.071126856099609E8
3.861928791061001E9
1.8794386005552456E10
2.7219757926221323E9
4.7178763535079867E8
8.08233164463437E7
5795352.451228277
4106287.952121483
0.0
4929090.180027052
1.819534173856004E7
8.476114672897924E7
4.018032613196605E8
3.530436457643503E9
2.2231459935745215E9
3.512551040386807E9
1.3647074129414747E9
1.2383431402659087E8
2.0684929471724384E7
3579364.343486514
0.0
3.0056432305001676E7
1.0323667096700436E8
2.859385434354116E8
8.975163959089332E8
1.1235002441305935E10
2.4740316025343103E9
1.7977530019440132E10
3.096304273157923E9
1.672265836821818E8
7.747776543816386E7
6721567.166142584
0.0
7.701075457635E7
5.367614710793399E8
1.9703123493843052E9
6.572568669294481E9
2.5499724226541714E10
0.0
6.3035514813165184E10
1.4621027778238876E10
1.0839275928094928E9
3.194188670719005E8
6.988601542709987E7
0.0
9.520912478722386E7
7.852775040613639E8
3.4624272972941284E9
3.75441782736745E10
6.226786980096705E10
1.0260667173671426E11
1.2070311992851123E11
5.341380255496169E10
6.590579038491135E9
5.834798967433832E8
1.7187574892782253E8
0.0
2.6120596534615454E8
1.1148220183514009E9
9.88588478063995E9
6.7087773194408615E10
4.029129909497745E11
8.084981555411456E11
4.647540282622224E11
3.4513888274440814E11
2.103989087700116E10
1.0288881779119359E9
2.6664039886022067E8
0.0
1.5621048315967214E8
3.015290902776343E9
3.2764941626263096E10
6.220756876331839E10
5.2741176483926135E11
3.9375733517719106E12
9.285149147688405E11
6.694064247865134E11
1.1017295991797006E11
1.421317721101213E9
3.521002461596079E8
0.0
4.7256632764950655E7
2.367567904848029E9
4.150785276341129E10
2.3997120269042322E11
1.5609467878751423E12
7.7341467965034375E12
2.37605961680587E12
3.408357131806648E11
1.9289261992009224E10
2.7423623243771124E9
8.336848142975192E7
0.0
0.0
0.0
0.0
0.0
0.0
0.0
0.0
0.0
0.0
0.0
0.0
0.0
0.0
0.0
0.0
0.0
0.0
0.0
0.0
0.0
0.0
0.0
0.0
0.0
0.0
1.3057228077945895E7
6.920205913438031E7
3.699210415687355E8
4.570832473354816E9
7.736012153048648E10
7.190187901457315E10
1.4676943409253174E10
1.3741499873533769E9
8.276975106624919E7
4762556.150329795
0.0
0.0
1.4525599740721993E7
2.5744600832608616E8
1.1110606863834133E9
7.440936436682148E9
3.215263367314416E10
5.189028361166501E10
1.6613190897219048E10
1.2120880607200398E9
2.1078680236649048E8
3.936923594326764E7
0.0
0.0
8892608.382357493
1.268865241242951E8
5.380307803442079E8
4.296450270273581E9
1.2768615613645203E10
3.8437352659567825E10
5.028280838252541E9
6.041478242727659E8
1.2348439259123467E8
1.5159875803923473E7
0.0
0.0
6212428.996110272
3.473097896357225E7
9.102084591156997E7
5.538731656052608E8
3.24452690984616E9
5.589069715487566E9
1.9209659180179908E9
3.327173387865414E8
5.937074126596287E7
3.1049998811954588E7
0.0
0.0
6504147.092792944
4.3656893303576544E7
8.375779097984461E7
3.985317957871492E8
1.1726996089772038E9
1.639880844212328E9
3.442526512877983E9
5.360553305771773E8
8.344103375727317E7
1.9173486415553957E7
0.0
0.0
2.0527006764845066E7
3.279255261295402E7
3.444485267637451E8
1.2768265060469646E9
0.0
3.593407892457318E10
1.2517372349006594E10
1.9061200190656602E9
3.3660736600554276E8
4.968427807768541E7
0.0
0.0
4.461279682131361E7
3.554882899996876E8
2.5871208557373266E9
1.158201149955336E10
2.3838268863323315E10
4.006115766435588E10
2.3627401695671154E10
1.1450979168573168E10
2.0946087513996875E9
2.5372738566937822E8
0.0
0.0
1.6902948158613208E8
9.091935345817721E8
4.057838628750781E9
3.938428139021194E10
7.401645333977435E10
1.6544949276894223E11
4.838940904985826E10
6.0285225678178E10
8.920596225895502E9
1.383374975068738E9
0.0
0.0
9.294732842504619E7
7.333219982105879E8
1.3142847781338175E10
3.551780687115251E10
3.5103172354228326E11
1.578319061789835E12
4.988157510664208E11
1.3709591128197911E11
1.0967245942682789E10
7.696571163876492E8
0.0
0.0
1.34322153073435E8
2.160565822831339E9
3.2546128623389786E10
1.0503922406691798E11
1.2914036055321277E12
2.896246124279803E12
1.2119174327876755E12
4.8540292505957526E11
3.1733847998985332E10
3.77006014924287E9
0.0
0.0
3.8903138234781995E7
4.4416808912892475E9
7.006230402116147E10
6.191613474888666E11
7.461767153683239E12
6.365128335059563E12
1.4336779835431816E12
8.215827748380699E10
1.9411789693049267E10
3.240939934466963E8
0.0
0.0
0.0
0.0
0.0
0.0
0.0
0.0
0.0
0.0
0.0
0.0
5223629.578711597
7.583306312074915E7
3.4640379076178896E8
2.5164801245764003E9
1.305058747308569E10
8.121265972737885E10
9.648585243401517E10
4.917091774005735E9
2.7189435017037857E8
2.2117770086671047E7
994031.2890247074
0.0
1.540920455100072E7
7.462209093899457E7
5.700530913084339E8
3.3773205303515406E9
1.362700429522396E10
6.102608950178548E10
2.3682742765739212E10
5.555545002795691E9
3.927158195896755E8
6.38943193048698E7
5021235.569528317
0.0
9060648.640875112
4.077109172766947E7
2.6234912957906896E8
1.4252831811924534E9
1.511837101169646E10
4.43930716488978E10
1.017942948800082E10
1.5901700973627987E9
1.9048869960495603E8
2.5793983544269513E7
6847756.292301454
0.0
7478131.550847836
1.6412594324961597E7
1.1478937041812271E8
3.2966407525784075E8
2.0214943210118353E9
5.656658840629541E9
2.8768711060448265E9
7.580355559138603E8
8.521756269311616E7
2.4289558560303412E7
8607489.051762933
0.0
5616051.446669298
2.1765937046064816E7
9.340797774746445E7
2.1757829437071288E8
2.6032743007999516E9
1.3953312066477954E9
5.072396348430065E9
8.700706169308288E8
1.692801472166426E8
2.9512552002838545E7
4094018.2318578456
0.0
2.0693801348803744E7
1.0890800101686311E8
3.4677439507601804E8
4.9978209037457645E8
3.6880346908211255E9
5.531770033093073E9
0.0
2.2023592665918646E9
4.4954797291975725E8
8.417513551188295E7
2.023887622207717E7
0.0
2.5868823327533185E7
4.9865848721918035E8
2.680402174888761E9
1.3468850675681416E10
2.217771988508332E10
3.432533957715984E10
4.592643020935163E10
1.6093673073157846E10
1.7399378891787887E9
3.334174816252351E8
4.2626925867593184E7
0.0
5.073835116572873E7
5.794702162633388E8
2.728082665363976E9
2.0219376963715508E10
1.4333208220514502E11
1.1809291703030093E11
1.113139276764285E11
9.699964213331487E10
9.305664914202047E9
2.5822357084447706E8
1.816599740433183E8
0.0
1.0613467555728772E8
7.361556152589566E8
5.135228894330185E9
5.949630183577026E10
2.3827200949691827E11
1.3929688323856865E12
3.133276555823267E11
2.6961189328994305E11
2.947824366631688E10
9.988903761382972E8
2.3472058980700326E8
0.0
7.923705502822405E7
6.890956751516333E8
1.4787337159184898E10
1.00589486770523E11
3.7567329193337555E11
2.423175097480053E12
1.9505966442320784E12
7.847610116832815E11
1.299367524220972E11
1.1498471801675934E10
4.8125591578700334E8
0.0
1558620.322185986
5.931529830622146E8
2.4872338020327854E10
1.872033672890532E11
9.490084354838623E11
5.443889492448528E12
7.340875183305113E12
6.133582900508772E11
2.687236499442126E10
3.2678824107832756E9
1.8098028809978988E7
0.0
0.0
0.0
0.0
0.0
0.0
0.0
0.0
0.0
0.0
0.0
0.0
0.0
0.0
5804044.02650336
7.361298720748205E7
1.2661474121479043E8
3.9531135558725233E9
1.9577452434894882E10
2.5123554225896222E11
2.9152662952773243E10
2.832725316290266E9
2.0610965399949867E8
1.6886328055742905E7
843717.5454485718
0.0
6415526.8539754385
1.3843991834143215E8
1.2909035622324007E9
4.172591313172184E9
2.5648644374457916E10
1.2244790188697095E11
1.4706391973344717E10
3.3256697259235353E9
1.6543890966909486E8
3.719182873248066E7
3950170.1960198344
0.0
8269838.122034974
7.004043802545883E7
4.0067969290475386E8
1.6716403210188644E9
1.6775985256696651E10
3.670882543153654E10
8.65904913535863E9
8.553064672468553E8
9.889329499253853E7
1.181624685477669E7
1622463.5650495896
0.0
7624522.64352333
2.89290194317729E7
9.019888388457115E7
4.396137450680569E8
3.459164038247901E9
8.83925058415829E9
2.689473550581196E9
7.191487820104566E8
8.45335811606571E7
2.4730957641491078E7
4253055.816531179
0.0
3011530.5646607066
3.1884808462302536E7
1.1712264628740595E8
1.5341060073880258E8
2.399270759869021E9
1.6992861004124002E9
3.613573793450965E9
6.804943576097947E8
3.67433642399997E7
2.4340461395782843E7
3238208.4617752004
0.0
1.9686398088169396E7
4.051833189367464E7
4.3894072971847504E8
8.711575928452942E8
5.295521897539488E9
0.0
1.8244669717496643E10
3.2935757344377646E9
3.1371076654217917E8
4.962324622465482E7
2.3814902310070034E7
0.0
5.307687866272808E7
4.8284284632964456E8
1.593392401531627E9
1.400839790034451E10
2.3260986214313046E10
4.790382292073331E10
4.115953883126461E10
1.118769203140085E10
8.960406009941941E8
1.788385621689381E8
7.78623112221173E7
0.0
1.56396896264202E8
1.721721112994403E8
1.5250539791687884E9
3.6076659896684944E10
1.122069006223812E11
2.0442751049813712E11
9.114072154115273E10
1.2650446066186298E11
5.491164177292494E9
5.54459543924965E8
3.060147013548272E8
0.0
1.6420922420077038E8
9.486946946287262E8
9.887104532119228E9
4.8378682734775116E10
3.38720087890874E11
1.7946861363466855E12
6.053863665231045E11
2.678381360871258E11
1.3279056671116766E10
6.410045161540743E8
6.6192680195481464E7
0.0
7.422778262520514E7
7.907659567924525E8
1.2980255616305496E10
6.971186799394217E10
9.810025723312283E11
4.3093634133309443E12
2.1475115610545723E12
3.937465319889356E11
5.3353266202347694E10
1.6119772975443134E9
5.767461914608418E8
0.0
5.958734431043356E7
6.506828041138996E8
3.1982822744570206E10
2.0543334256855392E11
2.0309809833490278E12
1.475580442166216E13
2.4776334836319204E12
1.612412608271444E11
1.372711407779277E10
1.6592400043739078E9
2.6185309679078393E7
