0.0
0.0
0.0
0.0
0.0
0.0
0.0
0.0
0.0
0.0
0.0
0.0
0.0
0.0
0.0
0.0
0.0
0.0
0.0
0.0
0.0
0.0
0.0
0.0
0.0
0.0
0.0
0.0
0.0
0.0
0.0
0.0
0.0
0.0
0.0
-0.015000000000000003
0.0
0.0
0.0
0.0
-0.0075000000000000015
0.0
0.0
0.0
0.0
0.0
0.0
-0.015000000000000003
0.0
0.0
0.0
0.0
0.0
0.0
0.0
0.0
0.0
0.0
0.0
-0.0075000000000000015
0.0
0.0
0.0
0.0
0.0
0.0
-0.015000000000000003
0.0
0.0
0.0
0.0
0.0
0.0
0.0
0.0
-0.030000000000000006
0.0
-0.09000000000000002
0.0
-0.11250000000000004
0.0
0.0
-0.037500000000000006
0.0
0.0
0.0
0.0
0.0
0.0
0.0
0.0
0.0
0.0
0.0
0.0
-0.0075000000000000015
0.0
0.0
0.0
0.0
0.0
-0.0075000000000000015
0.0
0.0
0.0
0.0
0.0
0.0
0.0
0.0
-0.0075000000000000015
0.0
0.0
0.0
0.0
0.0
0.0
0.0
0.0
0.0
0.0
0.0
0.0
0.0
0.0
0.0
0.0
0.0
0.0
0.0
0.0
0.0
0.0
0.0
0.0
0.0
0.0
0.0
-0.0075000000000000015
0.0
0.0
0.0
0.0
0.0
0.0
0.0
0.0
0.0
0.0
0.0
-0.0075000000000000015
0.0
0.0
0.0
0.0
0.0
0.0
-0.0075000000000000015
0.0
0.0
0.0
0.0
0.0
0.0
0.0
0.0
0.0
0.0
0.0
0.0
0.0
-0.0075000000000000015
0.0
-0.0075000000000000015
0.0
0.0
0.0
0.0
0.0
0.0
0.0
-0.0075000000000000015
0.0
0.0
-0.0075000000000000015
0.0
0.0
0.0
0.0
0.0
0.0
0.0
0.0
0.0
0.0
-0.0075000000000000015
0.0
0.0
0.0
0.0
0.0
0.0
0.0
0.0
0.0
-0.0075000000000000015
0.0
0.0
0.0
0.16430625000000001
15.692720515625002
0.0
0.0
0.0
0.0
0.0
0.0
-0.0075000000000000015
-0.0075000000000000015
0.0
0.0
-0.0675
0.0
-0.12000000000000005
0.0
-0.022500000000000006
-0.022500000000000006
0.0
0.0
0.0
-0.0075000000000000015
0.0
0.0
-0.0075000000000000015
0.0
0.0
0.0
0.0
0.0
0.0
0.0
0.0
0.0
0.0
0.0
0.0
0.0
0.0
0.0
0.0
0.0
-0.015000000000000003
0.0
0.0
-0.015000000000000003
0.0
0.0
0.0
0.0
0.0
0.0
0.0
0.0
0.0
0.0
0.0
0.0
0.0
0.0
0.0
0.0
0.0
0.0
0.0
0.0
0.0
0.0
0.0
0.0
0.0
0.0
0.0
0.0
0.0
0.0
0.0
0.0
0.0
0.0
0.0
0.0
0.0
0.0
0.0
0.0
0.0
0.0
0.0
0.0
0.0
0.0
0.0
0.0
0.0
0.0
0.0
0.0
0.0
0.0
0.0
0.0
0.0
0.0
0.0
0.0
0.0
0.0
0.0
0.0
0.0
0.0
0.0
0.0
-0.0075000000000000015
0.0
0.0
0.0
0.0
-0.015000000000000003
0.0
-0.0075000000000000015
0.0
0.0
0.0
0.0
0.0
0.0
0.0
0.0
0.0
0.0
0.0
0.0
0.0
0.0
0.0
0.0
-0.0075000000000000015
0.0
0.0
0.0
0.0
0.0
0.0
-0.015000000000000003
0.0
0.0
0.0
0.0
0.0
0.0
0.0
0.0
-0.0075000000000000015
-0.015000000000000003
-0.08250000000000002
0.0
53.51839423458343
1.9279681102827777
-0.015000000000000003
-0.0075000000000000015
0.0
0.0
0.0
0.0
-0.0075000000000000015
0.0
0.0
-0.015000000000000003
0.0
0.0
0.0
0.0
0.0
0.0
0.0
0.0
0.0
0.0
0.0
0.0
0.0
0.0
0.0
0.0
0.0
0.0
0.0
0.0
0.0
0.0
0.0
-0.0075000000000000015
0.0
0.0
0.0
0.0
0.0
0.0
0.0
0.0
-0.0075000000000000015
0.0
0.0
0.0
0.0
0.0
0.0
0.0
0.0
0.0
0.0
0.0
0.0
0.0
0.0
0.0
0.0
0.0
0.0
0.0
0.0
0.0
0.0
0.0
0.0
0.0
0.0
0.0
0.0
0.0
0.0
0.0
0.0
0.0
0.0
0.0
0.0
0.0
0.0
0.0
0.0
0.0
0.0
0.0
0.0
0.0
0.0
0.0
0.0
0.0
0.0
0.0
0.0
0.0
0.0
0.0
0.0
0.0
0.0
0.0
0.0
0.0
0.0
0.0
0.0
0.0
0.0
0.0
0.0
0.0
0.0
0.0
0.0
0.0
0.0
0.0
0.0
0.0
0.0
0.0
0.0
0.0
0.0
0.0
0.0
-0.0075000000000000015
0.6169406219140626
0.0
0.0
0.0
0.0
0.0
0.0
-0.0075000000000000015
-0.0075000000000000015
-0.0075000000000000015
-0.030000000000000006
0.3784142656250001
68.37662534410924
0.0
-0.013061355312981957
-0.0075000000000000015
-0.0075000000000000015
-0.0075000000000000015
0.0
-0.0075000000000000015
0.0
0.0
0.0
0.0
0.0
-0.0075000000000000015
0.0
0.0
0.0
0.0
0.0
0.0
0.0
0.0
0.0
0.0
-0.0075000000000000015
0.0
0.0
0.0
0.0
0.0
0.0
0.0
0.0
0.0
0.0
0.0
0.0
0.0
0.0
0.0
0.0
0.0
0.0
-0.0075000000000000015
0.0
0.0
0.0
0.0
0.0
0.0
0.0
0.0
0.0
0.0
0.0
0.0
0.0
0.0
0.0
0.0
0.0
0.0
0.0
0.0
0.0
-0.0075000000000000015
0.0
0.0
0.0
0.0
0.0
0.0
0.0
0.0
0.0
0.0
0.0
0.0
0.0
0.0
0.0
0.0
0.0
0.0
0.0
0.0
0.0
0.0
0.0
0.0
0.0
0.0
0.0
0.0
0.0
0.0
0.0
-0.0075000000000000015
0.0
0.0
0.0
0.0
0.0
0.0
0.0
0.0
0.0
0.0
0.0
0.0
0.0
0.0
0.0
-0.0075000000000000015
-0.0075000000000000015
0.0
0.0
0.0
0.0
0.0
-0.015000000000000003
0.0
0.0
0.0
0.0
-0.0075000000000000015
0.0
0.0
0.0
0.0
0.0
-0.0075000000000000015
0.0
1.2338812438281253
0.0
0.0
0.0
-0.015000000000000003
0.0
0.0
0.0
-0.015000000000000003
0.0
0.0
30.276494961306174
0.0
7.027624315291637
-0.015000000000000003
-0.015000000000000003
-0.022500000000000006
0.0
0.0
0.0
-0.0075000000000000015
0.0
0.0
-0.0075000000000000015
-0.0075000000000000015
0.0
0.0
0.0
0.0
0.0
0.0
0.0
0.0
0.0
0.0
0.0
-0.0075000000000000015
0.0
0.0
0.0
0.0
-0.0075000000000000015
0.0
-0.0075000000000000015
0.0
0.0
0.0
0.0
0.0
0.0
0.0
0.0
0.0
0.0
0.0
0.0
0.0
0.0
0.0
0.0
0.0
0.0
0.0
0.0
0.0
0.0
0.0
0.0
0.0
-0.0075000000000000015
0.0
0.0
0.0
0.0
0.0
0.0
0.0
0.0
