0.0
0.0
0.0
0.0
0.0
0.0
0.0
0.0
0.0
0.0
0.0
0.0
0.0
0.0
0.0
0.0
0.0
0.0
0.0
0.0
0.0
0.0
0.0
0.0
0.0
6.741992073588401E14
5.14561255575263E15
2.1348845732279812E16
2.9580926570308038E17
2.12747432387829248E18
8.6885262048483308E18
2.7093700775341747E18
4.172123198757136E17
1.2933610438212416E16
9.740137197155845E14
8.396324162814808E13
0.0
2.648694521558485E15
1.0412240066097532E16
7.2839703655831104E16
1.5987274922924688E17
7.4631804136018893E17
1.56403664166801536E18
9.0509702096867942E17
3.5356486023723456E17
5.210049864551176E16
3.017107659996286E15
1.1484902931679335E15
0.0
1.536985354092789E15
1.0614320950077952E16
3.4164185608938992E16
1.03830164127112304E17
3.458049460655993E17
8.2390511636124096E17
2.87274536441889504E17
4.6827664685953136E16
2.762276928786408E16
2.388189703860464E15
3.284881925170166E14
0.0
2.394718881735375E15
7.456044030649178E15
9.60514268907712E15
3.1578600446692396E16
1.10458974892465904E17
2.3326777881979632E17
4.6697085194920109E17
7.0897325287075768E16
4.6371006982177184E16
5.192955581155242E15
2.1537962767100455E15
0.0
4.99326501103043E15
1.1691827192764062E16
4.4332883554861408E16
6.7823664407503216E16
3.02780589037792E17
0.0
1.15654914854531968E18
5.5540015789280173E17
2.01065009949024288E17
3.3853628926858784E16
9.677123001476008E15
0.0
1.5621389870084344E16
7.0038803822687344E16
9.3731354216877024E16
1.71151338249852448E17
1.6271851621625687E18
1.9066061144038736E19
4.5697913727660165E18
1.0985548882237641E18
2.156516945667088E17
1.14652041642887824E17
2.1052742016853744E16
0.0
3.6927242210984144E16
1.37971522817384256E17
2.4217368100962944E17
1.57344479442819584E18
4.5539081776195497E18
2.2797073648509305E19
2.408838220219603E19
3.8799000701953536E18
1.03343425964251622E18
1.6949008237141376E17
9.9651377084916944E16
0.0
1.04471451140634256E17
1.97939511737524864E17
1.20392811934725376E18
6.4120953516157368E18
5.146537584841337E19
1.3678295009056835E20
8.800407466801547E19
9.851849736730644E18
1.29578515511576909E18
4.115706547511721E17
7.6189299911665744E16
0.0
1.21858663206900992E17
7.6922779661717786E17
3.8733358653417743E18
2.6773476826769252E19
2.1243849796282188E20
9.50024944251064E20
2.1235620392447325E20
1.6429106137668006E19
3.4332989626661376E18
2.61838285624571136E17
1.01476226172668096E17
0.0
2.9284606418517072E16
9.1010303329719216E16
7.143567310098942E18
9.655268258948465E19
8.299753547006264E20
4.30990234675878E21
8.565562025802421E20
8.484860412145918E19
2.5851550561016115E18
3.1659902479341235E17
6.691759199212892E16
0.0
0.0
0.0
0.0
0.0
0.0
3.3940150549691662E19
0.0
0.0
0.0
0.0
0.0
0.0
5.800697931207201E14
1.0526778829631026E16
3.8905939274028984E16
1.1306957969862832E17
1.3429133009205399E18
8.4167423477662024E18
1.77756850785205581E18
1.55676827137374432E17
7.407783961618533E15
1.0075475470802134E15
3.805877462239316E14
0.0
1.1030926122307666E15
5.53375051255784E15
3.6672815245052952E16
9.9009609539668976E16
3.1849175985974195E17
1.52865569736322253E18
5.4254031877460749E17
7.1193835722548512E16
3.6824479472942432E16
7.820728061082585E14
4.910700161623736E14
0.0
1.2380264638720042E15
7.259243211005134E15
2.4887599427586356E16
5.0559336564100608E16
1.62842943187189536E17
2.73814683132525568E17
4.5241639043813472E17
1.01480190025819824E17
2.9954582704761168E16
5.255080366611504E15
1.3974536704681688E15
0.0
6.612206394520438E15
1.3903249597578912E16
5.359825397912432E16
7.69733245745816E16
3.4778419818628691E17
2.16657798716192832E17
1.21614927992830515E18
4.2627474057026899E17
1.43304421876651888E17
2.9517659784274832E16
1.0247811370201238E16
0.0
1.847261555272572E16
3.6032348945815192E16
1.37315536090176304E17
1.92926543732224832E17
1.37911301787253146E18
2.20537094542702112E17
4.1378816479148682E18
1.45405267767841152E18
2.83267110443293376E17
1.10382990005834848E17
2.9594423914631376E16
0.0
5.9297777154438472E16
1.58734842493766048E17
3.1205901942614438E17
7.4829715986224333E17
6.8754507480908616E18
0.0
1.902812546781334E19
3.5156445017672407E18
1.03239077440262899E18
2.69984477442222016E17
1.11354855260092336E17
0.0
1.23748669796094528E17
3.4279245544840947E17
6.4783384551631334E17
6.1236483068089405E18
2.842798275096213E19
1.0714342036926657E20
7.150947915972494E19
7.2765409381484933E18
2.519537475980521E18
2.3838648123113552E17
1.013837936158604E17
0.0
1.70665484983113792E17
1.14912810019930675E18
4.7548321955784858E18
2.685549493369051E19
2.058909923190075E20
3.515374346606779E20
1.9688151018864093E20
2.165017710802767E19
5.1757158751305267E18
1.22276940681008794E18
1.2197648257940512E17
0.0
1.10052935729630432E17
6.6739197514612736E17
1.3317406600650324E19
1.4403147821186351E20
3.46623970920952E20
1.9115160918090546E21
3.7257291334685295E20
6.980730825365222E19
8.83606942266338E18
5.8366912042679398E17
7.5623233572665872E16
0.0
1.8987361266678204E16
1.24386874377387008E17
1.5954608411373992E19
2.378465166449404E20
7.500608428113485E20
4.6576810117172355E21
1.321133798964374E21
1.1142575134254825E20
6.2283309546806313E18
8.5562168893722598E17
1.14199487733463E16
0.0
0.0
0.0
0.0
0.0
0.0
0.0
0.0
0.0
0.0
0.0
0.0
0.0
0.0
0.0
0.0
0.0
0.0
0.0
0.0
0.0
0.0
0.0
0.0
0.0
0.0
4.150081132183044E14
3.474559135623963E15
2.3813604478589896E16
1.7016176380490688E17
5.1547519044344504E18
5.601364755337047E18
1.13682974179354061E18
1.42255697889155184E17
3.497082196473672E15
4.1440851306275106E14
0.0
0.0
2.617005397737012E15
2.3815864312453268E16
4.2035629643815528E16
2.956534892338855E17
2.21222802980919194E18
3.9641696827049477E18
1.0421900842774144E18
2.0934670986512064E17
1.1941958314710736E16
4.0401944583849545E15
0.0
0.0
1.063574179585501E15
5.884653396738067E15
3.8452585335220616E16
1.43539262628018208E17
5.2413319755102458E17
8.6846249386836262E17
2.77192531189808E17
1.166930766784016E17
1.8028833812870344E16
1.962955008684065E15
0.0
0.0
2.9803242716549445E15
8.8413303596061E15
2.1037330920937924E16
4.9481842389602E16
1.6126744598108336E17
4.0243746790841286E17
3.4043278328331181E17
8.0889245566688032E16
2.4201151678377612E16
3.6954882628202485E15
0.0
0.0
3.6958728323819805E15
1.7669447536330664E16
5.5185778866569352E16
8.650542971535328E16
3.0643948988739859E17
1.47612705551209376E17
9.7604008523829056E17
4.364641323021305E17
2.09272418718706144E17
4.8935112072555008E16
0.0
0.0
1.5336395328008936E16
3.6153497700161824E16
1.48032906385750624E17
2.82255967657160352E17
0.0
4.8760080018557901E18
3.7491526418755912E18
9.9020717903445325E17
3.4561782846693568E17
7.5911549286149056E16
0.0
0.0
4.3470472932635016E16
9.3447135905791408E16
5.070426919346711E17
1.22699921943073613E18
5.0074478220318781E18
2.251239200409442E19
1.495191377362602E19
3.4431376645737083E18
8.4150657336391117E17
3.4801498190137843E17
0.0
0.0
7.525165923256672E16
3.3619035853051674E17
1.29413191049106842E18
4.4179155679427057E18
3.552416267121809E19
1.2626730746407685E20
4.579981760615719E19
5.8422462458037944E18
7.9354452264107686E17
2.1697949289657328E17
0.0
0.0
2.37152479616683648E17
9.6858390079121549E17
7.4260739184357919E18
4.578742828523749E19
1.5649105930081128E20
7.04759195333854E20
1.4403573923475628E20
1.545886319743404E19
2.5903524647793751E18
4.6006060008913414E17
0.0
0.0
1.68156708684387104E17
2.14894118573232102E18
2.2654093605188006E19
1.3338831136203597E20
7.796727693207604E20
2.0672289961925788E21
4.253783854605795E20
4.516908772346167E19
3.0059365118757202E18
7.1131975106613658E17
0.0
0.0
5.543545369094587E15
1.80436180972933984E17
8.9994804148390359E18
2.1688040622853423E20
2.7396197393512257E21
2.0731637271800502E21
5.75975673138638E20
7.2375891110630556E19
3.8375804804570112E18
1.88971146964172896E17
0.0
0.0
0.0
0.0
0.0
0.0
0.0
0.0
0.0
0.0
0.0
0.0
5.882568040366409E14
4.664264793805448E15
1.869292818350368E16
5.477419603423868E16
7.4554085526925389E17
4.2304543419939727E18
5.3664164907707597E18
3.2081077247427571E17
2.099896613401E16
5.1277192286090244E14
5.303373775509241E13
0.0
1.8717351180429845E15
8.861188644990539E15
4.3959019011173912E16
9.9084770845422656E16
4.5031757233997344E17
3.8395767083090652E18
1.56893782256534784E18
4.3066385337875366E17
5.8643408950310848E16
3.058339414827293E15
1.428831172484147E15
0.0
1.588679236389823E15
4.70215294084586E15
2.566849276759572E16
7.9693201664028384E16
3.5104612980308288E17
8.9820088801501824E17
7.8104904489004301E17
1.45160294129568512E17
2.8252099738444236E16
2.8401439763843565E15
1.573308755570365E14
0.0
1.5511061719832052E15
8.048612793992832E15
2.632160565871218E16
2.9845787735123068E16
1.38266714779275744E17
2.2244368307598736E17
3.4959568852950387E17
1.07886251451646336E17
3.2965073976713932E16
4.238188061905107E15
1.38837689314981E15
0.0
5.447732782662122E15
1.4589047959775376E16
5.14661443288476E16
1.08238823664788656E17
3.1880486548447309E17
2.52410802622327168E17
9.2653032471960038E17
3.6627373738721779E17
1.9678953663877024E17
7.3526470950032288E16
1.0703049291202474E16
0.0
1.551462606585616E16
4.5090971256700728E16
1.00762515776135136E17
1.52620627265641856E17
9.8130718367097498E17
1.3929760766479191E18
0.0
1.24285297557063834E18
3.340328991181561E17
6.3056195397585944E16
3.2239627037821688E16
0.0
4.0094765253999024E16
1.35826108556071056E17
3.011177961612384E17
1.87998350784931712E18
3.8707161098372244E18
1.6475220050485502E19
1.2399963070165148E19
4.8972893511626998E18
1.04505796243283533E18
3.3022417889482099E17
5.8852042963026816E16
0.0
8.28820581809216E16
3.515462911009769E17
1.17456687247068928E18
4.4830751214791137E18
2.5959670909230883E19
1.052205044811414E20
7.327866091792038E19
1.8532760515561046E19
1.66107657101609293E18
4.4117371885529011E17
1.14778267343125088E17
0.0
3.4434177102100397E17
7.4950410829881165E17
4.7480984481782354E18
2.282820204708847E19
2.8772556226233147E19
5.569283979029061E20
2.0769282431055092E20
4.57677636823406E19
3.4248688108811679E18
6.742042051750528E17
5.6974397634670544E16
0.0
5.416528915203152E16
1.07224288242481792E18
9.596224181339298E18
5.579329446566581E19
3.424813897441896E20
1.6900698724010437E21
9.638456966262202E20
1.524513373770151E20
7.251327551864703E18
2.57564424386769312E17
6.6261527677753872E16
0.0
1.2721916387831768E16
7.1490877736553888E16
7.1073412730295872E17
7.443998377329933E19
7.041093640359231E20
2.1157906625807254E21
2.3291583391149038E21
2.0859323157569995E20
1.4451511692813425E19
5.4747114216986202E17
1.834011772038746E16
0.0
0.0
0.0
0.0
0.0
0.0
0.0
0.0
0.0
0.0
0.0
0.0
0.0
0.0
1.8583049468140166E14
1.80536611572668E15
1.9503052372693496E16
8.4141655061171072E16
1.43494993204300774E18
1.2650264394301469E19
1.37909882611829427E18
3.2730460780161978E17
2.720396214463154E15
2.1338959381387425E14
6.830851885365812E12
0.0
1.7876808675553945E15
9.976095929454964E15
4.7128393759350296E16
2.31892426308609184E17
5.9322024847801434E17
4.9080379346729595E18
8.0070930543918029E17
3.2827547140890054E17
3.8762427848159808E16
3.33829302344624E15
1.1583624924676015E15
0.0
1.812404596270476E15
3.80723208260679E15
3.274167938920348E16
8.9951528070333872E16
4.4936491412828403E17
1.2080419391195561E18
4.3364609835869824E17
1.32151072766785824E17
1.9833200150966768E16
1.966982514854432E15
4.387477608938376E14
0.0
2.3232824238711605E15
7.156746360676514E15
1.8226675125988516E16
5.8459782575084256E16
1.26995019526321728E17
3.2813768607555546E17
7.4538761927148646E17
9.2356637432495744E16
3.8805754558155296E16
9.598249195026554E14
8.466207034633516E14
0.0
4.320595481540691E15
1.722392797295461E16
7.0585673472208856E16
1.01355341452420176E17
2.20218750762566592E17
1.45089969055891328E17
1.15524934189193626E18
7.0929043104719104E17
1.69806093301948896E17
2.3884574244425404E16
4.1586492565325E15
0.0
1.9767449677595136E16
2.502898141450478E16
1.27088319189488512E17
2.23263393441399168E17
6.4629743523201254E17
0.0
4.9153488094888305E18
1.33931129745630874E18
3.427392939375641E17
1.099299552632224E17
3.8196684137220656E16
0.0
3.9965416939459248E16
1.322447921532812E17
2.22966330988338464E17
1.87798809746118118E18
2.806204680285036E18
3.54538585794975E19
1.1341032592495583E19
4.257541564855849E18
1.44843129474813235E18
2.5853764158260032E17
7.5731573046976512E16
0.0
9.360065766384816E16
2.244666148577232E17
4.8547916809484646E17
4.312733207892009E18
3.3095102093647745E19
9.215384356095043E19
7.1642076431813616E19
8.6817944756995072E18
8.3672508467456614E17
1.7386738505310832E17
9.8524950721394032E16
0.0
2.3650340882457712E17
4.9503545215459616E17
6.2386158797855396E18
1.765236379662257E19
1.2952314740594904E20
8.00710485388912E20
2.3229721418213156E20
2.7031859314968568E19
5.1975636017248717E18
6.14137372890464E17
8.7955641672067392E16
0.0
6.1467742218323488E16
7.4305985086937984E17
1.0079540460616622E19
1.4362316805818217E20
8.940552823134442E20
3.148394125728165E21
8.38762587799918E20
1.1267220958824609E20
4.1331021681531116E18
3.6646572698760339E17
9.3263671252120128E16
0.0
1.7740195559091392E16
9.865346579215008E16
9.95980249640164E18
1.3447809575028757E20
1.1642987533691571E21
8.959003658090449E21
9.816337379397454E20
1.0623211118028925E20
4.3844173411881196E18
2.07207693985581248E17
9.679706678026648E15
