0.0
0.0
0.0
0.0
0.0
0.0
0.0
0.0
0.0
0.0
0.0
0.0
0.0
0.0
0.0
0.0
0.0
0.0
0.0
0.0
0.0
0.0
0.0
0.0
0.0
1.2626314453627487E10
1.0489460803135901E11
1.8195605318941812E12
3.2566692652935375E13
1.1496244013227073E14
3.8903236187148706E14
5.101017353011058E13
9.644210889717496E12
1.3989721518039248E12
1.2419867782419785E11
2.9710150209794937E10
0.0
5.701118953734515E10
3.227949316180919E11
1.5329033301304614E12
1.483094941408272E13
4.871623820916831E13
1.4247020319225188E14
2.4157784672605773E13
4.630552029960369E12
5.955829558306929E11
2.324217320121938E11
3.0118765352870125E10
0.0
4.158736486468355E10
1.562297706250498E11
5.10405899872277E11
5.958673677661734E12
1.1281940031882682E13
3.879111941607597E13
1.2921270126839674E13
3.5530646305901807E12
8.384789979028533E11
3.1260515472051746E11
4.416812674070985E10
0.0
1.2998504936721247E10
1.9893175986651855E11
4.156882827946686E11
9.55071221079963E11
2.255756952971238E12
1.840805805918068E13
6.014219271862318E12
1.222873706526743E12
6.110545745478325E11
1.7237309053693323E11
4.674885022399314E10
0.0
1.7281176738980087E10
1.2942908148051324E11
6.335862313931742E11
3.0060210857099116E12
9.355321763163598E12
0.0
8.792208940922931E12
3.482484084410658E12
1.761689332076966E12
5.986046208350522E11
1.4728280051477176E11
0.0
9.526631538828926E10
6.403524544781807E11
2.211623145447684E12
1.1139937521330574E13
2.382195807624682E13
4.91893220867259E14
6.887336459438795E13
2.102328168709293E13
7.872051687933418E12
1.4742960609674236E12
3.6639786760672345E11
0.0
7.221749399057516E11
2.814715557117811E12
1.5485643251753244E13
4.911841141379831E13
2.532071717593642E14
3.9609453910254625E14
2.2880115757371128E14
7.629385590527016E13
2.535040198767206E13
4.687732429719708E12
7.648565019776305E11
0.0
3.228191384162005E12
5.509493153766133E12
2.413883437076386E13
1.5478495142807725E14
3.401128117462004E14
9.70342111065984E14
6.533012547694192E14
1.9526030429779844E14
8.352280766665842E13
1.065544288206726E13
4.681855373796341E12
0.0
1.2478154548558E12
1.512844563392729E13
5.619271813583811E13
5.2496641692184994E14
2.125687737451243E15
1.1367799714942606E16
3.7067151864280035E15
3.9552053769471206E14
2.02610708688213E14
4.0770126833595484E13
1.7732165954841704E12
0.0
3.1387743400815146E12
1.5773775562605436E13
3.007268452797326E13
9.105589643097288E14
7.873102416203308E15
5.7652999687262504E16
1.6700685774927374E16
1.7399819728483165E15
1.4261221810154788E14
1.5091715864746078E13
1.0948718518179028E12
0.0
0.0
0.0
0.0
0.0
0.0
1.82127845585877E15
0.0
0.0
0.0
0.0
0.0
0.0
2.1644977188456467E10
6.712491704005545E10
8.243105274204462E11
1.48299700095387E13
6.549435455441892E13
4.337217510237004E14
5.74397791053051E13
3.2734050746484756E12
2.5464942732873523E11
7.0874506680218E10
6.6302125573091545E9
0.0
3.876723791260374E10
1.1162607260569482E11
5.84501581024519E11
3.0666655532014194E12
2.2492318046018484E13
9.032266565990406E13
2.3217456979360805E13
3.2185866196541797E12
4.707672865857564E11
1.3532373154161703E11
2.543317029491075E10
0.0
2.069335325762354E10
8.913605439760823E10
5.017176096579356E11
1.5541548651331636E12
7.135687846187533E12
1.0643943639068383E13
7.671048282980997E12
3.030315131076252E12
5.3253135394630273E11
1.5793542456048114E11
4.0260315896681404E10
0.0
1.246379873783739E10
2.1093237639721725E11
4.904087353168542E11
1.9800318058285151E12
4.0243320724528525E12
6.447617366884123E12
1.3293827706737766E13
2.9998170443557305E12
1.6626807107844675E12
5.533260476835708E11
2.261404193936234E11
0.0
8.278352305365442E10
7.320835539943313E11
1.550964016381037E12
1.3951209064932945E13
4.0343491984511875E13
6.316409542723673E12
4.5959523212129836E13
1.5934235660223998E13
6.721299858147719E12
2.3788987559402305E12
4.123843935446375E11
0.0
3.4075918426926917E11
1.9106908830677554E12
9.49448401244119E12
6.5350140775356625E13
1.4268410193315725E14
0.0
2.2311262183384362E14
6.934042925073431E13
2.3897508007624875E13
8.08541045805449E12
1.3588547780988257E12
0.0
2.785269464472835E12
6.153578344087627E12
3.676495502615756E13
1.034792102880928E14
6.656212264975095E14
1.189913806690227E15
6.53864121458727E14
2.109074776994957E14
8.699653291314294E13
2.144075343923584E13
6.815313807851929E12
0.0
4.749017776098748E12
1.4685288010697066E13
9.270263805945469E13
3.7414095130979056E14
1.016650944935596E15
3.826013729605716E15
1.7795542661267312E15
8.208449850112579E14
1.1654282553046697E14
1.6629037816519555E13
3.16707669769529E12
0.0
9.697450014031693E12
3.7973160933157195E13
1.6734786957488228E14
1.1179805317527878E15
4.016518714328379E15
2.4366267528486144E16
6.383077734849743E15
1.2032916899046778E15
4.100249322164276E14
4.5407743593321266E13
9.682718804267068E11
0.0
2.306223187281133E12
2.4393250553659387E13
1.7277412897757656E14
2.1613403009333168E15
2.0209133434525628E16
6.4363955257986424E16
2.9474259002960288E16
3.8796007514848785E15
2.6178903978727062E14
9.138925363059965E12
2.0529809466840964E11
0.0
0.0
0.0
0.0
0.0
0.0
0.0
0.0
0.0
0.0
0.0
0.0
0.0
0.0
0.0
0.0
0.0
0.0
0.0
0.0
0.0
0.0
0.0
0.0
0.0
0.0
1.1971399083852097E10
1.2125038908640424E11
1.80643674330893E12
3.524308518731534E13
2.3490948172784088E14
1.4914076136344794E14
4.099334483057192E13
8.467068540842903E12
4.049549252051885E11
1.0251353102720325E11
0.0
0.0
5.762253755480968E10
2.1608191185773398E11
3.3445039275448506E12
1.8203534569232504E13
7.751816391518006E13
1.3985896536411278E14
2.22298088883357E13
2.1334183278356006E12
6.037983445387754E11
1.0315012535247443E11
0.0
0.0
2.9725637254733387E10
1.4643914157776184E11
8.211207046053788E11
4.522667359833847E12
2.008565737815885E13
5.788428046909479E13
1.3492150583493664E13
3.117356704013915E12
8.438534493490771E11
2.268018027679403E11
0.0
0.0
2.1326667671353096E10
1.9299994864564566E11
3.703386773682626E11
1.6499693476573884E12
4.112458450353381E12
2.1251117078347254E13
7.129025442969877E12
1.625060646673163E12
5.290037827529354E11
2.0918281574211838E11
0.0
0.0
2.2501441887642185E10
2.3436955839438013E11
7.78771208492464E11
2.6829863821096885E12
1.281743192988565E13
6.96260669333287E12
9.421861856268535E12
2.8484143288990947E12
1.7266140830887422E12
8.18348251700996E11
0.0
0.0
9.341242662637593E10
6.640471725196542E11
1.919846864582713E12
1.0979789094407438E13
0.0
6.278463618263403E13
1.9934918996600125E13
1.356642527655232E13
6.873125321995262E12
1.7773058130882095E12
0.0
0.0
8.855711705004579E11
2.394712226088776E12
1.540266198865776E13
4.631108176493445E13
2.34517132985295E14
3.1968479026628644E14
1.7066033677461934E14
7.117640993916912E13
2.228082825300422E13
3.025055853734464E12
0.0
0.0
1.0312423870649883E12
4.94678003202856E12
2.9073908294082652E13
1.566554291894196E14
2.715673437661659E14
4.886923333858674E14
4.011879298952865E14
2.7055128463773047E14
8.025736137592675E13
2.3974567255822543E13
0.0
0.0
2.895892557175252E12
1.782936876123913E13
1.1383146519803553E14
6.44259621236367E14
2.00338096092366E15
8.359469604031905E15
1.9927973288715462E15
5.753224468254616E14
1.657651775832516E14
2.748237040953917E13
0.0
0.0
4.2827255438136436E12
3.69641284174492E13
2.1683438011030028E14
1.5405170609848388E15
1.3645229917267068E16
2.2685265630184908E16
9.725276069434496E15
1.4394490993274925E15
1.814008709572799E14
1.9345732552651727E13
0.0
0.0
1.7169043954319243E12
1.7054919594314148E13
2.656682227241342E14
8.82877301527414E15
7.8496754729405648E16
5.177345986273608E16
1.0593081309305908E16
7.97197247077986E14
1.2173131051866869E14
2.8414597061637666E12
0.0
0.0
0.0
0.0
0.0
0.0
0.0
0.0
0.0
0.0
0.0
0.0
1.6164361401592602E10
4.147769557213138E10
7.177279391244376E11
9.16329559160956E12
7.01581709147389E13
2.247945047431272E14
1.7479760882161175E14
1.6942174157902387E13
1.6673788666518037E12
7.62439957974317E10
1.4503737206484415E10
0.0
6.4279204350887375E10
2.602949179214142E11
1.0969051728832482E12
8.563360820635762E12
4.623635812406325E13
1.1746741864859777E14
6.056580364282339E13
6.403799212610273E12
8.414748101769446E11
1.417404941415236E11
2.3408322455132126E10
0.0
2.2670817344426247E10
1.2087101742594391E11
5.212189552641439E11
2.5655636384861274E12
1.3826930223297197E13
4.075087780960706E13
3.9794194711053914E13
7.311843700746203E12
9.32872880135976E11
3.504656766152016E11
4.70570862249278E10
0.0
2.4548869555953274E10
7.042456862648898E10
4.97056346552292E11
1.8362431080060156E12
4.913441896562001E12
1.620635226915789E13
8.442126172514783E12
2.0264305739528706E12
5.933749728308457E11
2.1061302799061594E11
7.014159562956285E10
0.0
1.7824123332322685E10
1.4246121880932043E11
6.835948663404998E11
2.9424800842029014E12
7.624985627713005E12
5.8441296111970205E12
7.781812079410471E12
3.961895260475935E12
1.9289619034545647E12
5.956821917234152E11
2.819152542301024E11
0.0
1.0727618090936505E11
5.582542692171372E11
3.8701913295935396E12
5.435102419454969E12
3.9154909904773766E13
3.505413378932943E13
0.0
1.086988794730016E13
8.890976830065715E12
2.770156792159039E12
3.579787982248955E11
0.0
2.1407044129867126E11
2.5088831305696777E12
9.071116789922832E12
6.326565258973341E13
2.212649674487064E14
3.7357985247811025E14
2.179806904935452E14
5.84481568743503E13
1.894108100888575E13
7.08540709873935E12
7.375758864217986E11
0.0
3.2826704959048867E12
7.715613899704055E12
2.6347192752571734E13
6.956614213565468E13
3.477895800452695E14
7.160745454119881E14
5.971015322522216E14
3.3778396666346475E14
6.414936803384611E13
1.365882863742995E13
4.812851808188018E12
0.0
8.089865728922526E11
1.1221567149065824E13
6.273953929345483E13
3.3934289049296225E14
1.467035923636606E15
5.542277335849516E15
1.9114492684603035E15
8.091866891625644E14
2.1294316647961338E14
3.7775582556775086E13
1.7035198950039507E12
0.0
1.1994896386205574E13
5.258118791066671E13
1.633098526050357E14
6.635079399387519E14
3.2212913080435855E15
1.8883564500445804E16
1.4111840516782126E16
2.8880381110593085E15
4.084448571930581E14
3.1697716783935004E13
2.4051284048317754E12
0.0
2.1177515887649514E12
1.522185977729331E13
1.6035643980128584E14
1.0688362831213785E15
2.6304461065697924E16
8.7214703207841872E16
5.6733732163708176E16
4.2798095471310825E15
1.3865868627534828E14
1.3571279944302375E13
2.1534639598075336E11
0.0
0.0
0.0
0.0
0.0
0.0
0.0
0.0
0.0
0.0
0.0
0.0
0.0
0.0
8.979166747956898E9
1.7712797321932007E11
7.864499802120696E11
1.1508137481955238E13
1.0194696814373453E14
6.031849646323008E14
7.050461794853106E13
7.411792043680238E12
4.2873777111990497E11
9.109107739076266E10
1.3688686448230417E10
0.0
3.285365857902313E10
1.8336437518808255E11
2.0874450496418364E12
2.524853292251162E13
4.2310144890006195E13
1.8618908495933925E14
6.404719448051763E13
3.074884016272855E12
5.738081304046411E11
8.621340671668607E10
1.574053892722686E10
0.0
3.3629321025346184E10
9.411496125536238E10
4.222413870021607E11
6.134116399125615E12
1.1990453774033021E13
3.3637372943836145E13
1.8858758027836266E13
5.3820873497022295E12
7.662682950798884E11
2.1760204028769437E11
5.070035695217804E10
0.0
1.3535328483043447E10
1.2803344333918626E11
1.443979166995001E11
8.514889066236555E11
2.1527415641587317E12
1.313009717053014E13
4.372466326537452E12
2.668279881472833E12
3.974888048315975E11
3.212789846142774E11
5.880538051991362E10
0.0
1.3996904482102669E10
2.47269316946139E11
6.767503622681096E11
2.7056050941629805E12
9.231591046214385E12
7.230356793864321E12
1.34614217393126E13
2.7297378599542627E12
1.0878801187800029E12
7.424734480559618E11
1.5993708966672366E11
0.0
9.944338765189186E10
3.002768019178409E11
2.38774917983014E12
9.712432232706828E12
4.032592508338147E13
0.0
8.004029901076475E13
1.5310280115707979E13
9.12116066661687E12
3.1158130709903613E12
5.467006993376065E11
0.0
5.245149852070377E10
3.3434128752732026E12
1.6548429074241855E13
9.980184855108427E13
3.25029209315039E14
5.132629123386039E14
1.574019475315318E14
4.474749817427767E13
2.0462769213702055E13
6.47086881505823E12
1.9875119822856348E12
0.0
1.668623723757623E12
4.136763681408653E12
3.0463012568990332E13
1.4596420156957244E14
4.869046246246849E14
1.2991616040603625E15
4.024686733414886E14
2.2349213377391122E14
4.164081738834371E13
1.5749534157557816E13
4.792870885745855E12
0.0
4.807871509669526E12
1.791083525909015E13
5.368247068740184E13
3.9489460722548825E14
6.187215467531861E14
6.060797481898035E15
2.6328447147182875E15
4.640749964938592E14
2.0731389734700434E14
1.855068281244695E13
2.3580087775679146E12
0.0
9.553811639031438E12
3.842544811499169E13
1.4733502616118144E14
1.5987464777135188E15
6.62328436652182E15
3.344428523919742E16
1.6767314989232816E16
1.3238833148051E15
4.5221414607948475E14
3.544919331891762E13
6.364394903932942E11
0.0
3.3898727176744147E11
1.8805387135950203E13
2.1755042970787425E14
3.04124838359809E15
3.3751992980699688E16
1.39861084788035392E17
2.0340587121029744E16
2.0156940358485005E15
1.9001492060546712E14
6.750653654020128E12
9.6834323876923E10
