0.0
0.0
0.0
0.0
0.0
0.0
0.0
0.0
0.0
0.0
0.0
0.0
0.0
0.0
0.0
0.0
0.0
0.0
0.0
0.0
0.0
0.0
0.0
0.0
0.0
49304.43619859629
1689052.0086594787
1.0654176186243821E7
1.5470472826605815E8
5.462984981175406E8
1.1511219970793505E9
3.5631333859556323E8
4.361894906069337E7
9671046.688269215
629611.9455118717
147255.1621388459
0.0
153925.29873672
5566855.139189092
1.6602554196934901E7
1.2672255457921037E8
3.5482085121788245E8
6.056193728584133E8
1.815235402185679E8
6.339073654833998E7
4052957.2734683356
357212.61778820684
67478.89059307854
0.0
680183.3588305911
3319719.973141312
8913240.525725855
6.726508106209947E7
1.2304863267711592E8
3.44751235177496E8
1.3437131752340832E8
4.695503022724418E7
5224428.7285471205
498492.84745530406
187781.23044271913
0.0
175613.579220134
573191.1649697446
3240679.8500854946
1.929592532811545E7
4.61891002210319E7
4.641375874922643E7
3.076774702122163E7
2.0285437365811124E7
3608852.0629217485
166517.01491793458
48003.69381853852
0.0
207417.6243282528
491678.4334130711
3454277.1950434293
5255272.214446358
3.2678069006181065E7
0.0
6.867471416284211E7
3539636.402858643
1333191.2042846335
416949.1870656207
102965.97992168233
0.0
303380.7132076627
1050664.7255951643
3093308.593954307
1.207862423648459E7
5.1636091395445645E7
7.069096586500701E8
1.3813250079892513E8
1.578835404515814E7
3716541.8496460994
924291.9114420769
238928.46376217873
0.0
366443.66560233827
1923834.1740460154
6474499.073517762
4.8542820542130865E7
1.917048616769765E8
9.000468359536991E8
6.689725862362792E8
1.2723524035635386E8
3.393809205252773E7
1980341.5166975586
1124294.1453078506
0.0
1080991.9544127733
2727638.9521897333
2.3872404747894093E7
1.6916836665001652E8
9.154427960956454E8
2.943101379048894E9
1.5019140909111233E9
3.2894836956917185E8
6.5284153657024354E7
1.1842234264499143E7
1466174.905358549
0.0
844372.7351764517
3434741.9136786386
4.603293359923181E7
2.3013861370846355E8
1.7271019222856638E9
8.322713951783821E9
3.557852977429594E9
7.874326673947852E8
1.8054126330075923E8
4.969109107259654E7
1455076.9306152912
0.0
650929.1344487916
4920979.237413264
8.216504197865066E7
3.940340959744898E8
6.3267092791582775E9
5.1475740133468544E10
1.6072542350525389E10
9.804510353142804E8
1.651175878358653E8
1.0852969853561914E7
239540.46904083135
0.0
0.0
0.0
0.0
0.0
0.0
8.130190435838028E9
0.0
0.0
0.0
0.0
0.0
0.0
26503.03660040274
1138872.354928314
9467300.858556103
7.885245635332766E7
3.291785990828527E8
1.453552494462041E9
3.215540534690078E8
3.856975612152363E7
1730167.7914677789
80178.19377578735
56002.73656148264
0.0
408791.1095734748
3398153.701102662
9381042.980891008
8.18483345722139E7
1.7834839284886524E8
3.820847930530083E8
1.2420412039211485E8
3.836304558976332E7
4922001.841149398
236530.89399181007
112325.17069774782
0.0
309485.3137267367
505425.78584460064
2668354.904255338
1.8026230775097E7
7.042608832747939E7
1.834201051764208E8
5.673169467736022E7
1.6770093684736375E7
3302587.4770985353
248619.67631919155
72832.85922451188
0.0
251203.05172174686
401501.22594919614
3259465.1128123906
6625274.254990372
2.2357491051358394E7
2.377088004234675E7
3.190712686193589E7
4334929.780594301
935546.864469125
158952.35126067972
88854.07383882158
0.0
541775.9572224854
803505.8181680348
5379367.164916527
1.5466200309899237E7
6.5618742681254566E7
2.842607929924348E7
2.0903558988299945E8
1.89222389487348E7
3078944.3309884053
1011456.3933201442
267264.7277493587
0.0
647406.3625350004
2060124.7816943275
7561772.482085418
2.8931042756400935E7
1.7088569320049363E8
0.0
4.256741506895328E8
1.0359223704114433E8
1.7050131299125835E7
4100233.421598242
1005905.8366741012
0.0
907916.4636450586
4647074.875405082
2.002336275010839E7
1.1864032131997599E8
3.93232140897105E8
1.8898001217710783E9
1.583520601322138E9
2.48162585569732E8
8.366358643225765E7
1.3681109737961926E7
2488763.2347040325
0.0
1150196.6913141569
3606317.998340373
5.1764863526737526E7
4.275449363384012E8
1.6485806121354852E9
5.620010327193022E9
2.802734426375762E9
7.155234475460577E8
2.951633614068558E8
4.898391270048699E7
5327334.005708275
0.0
1452451.1109956298
1.089298894435863E7
1.2921803072398075E8
2.8930660957421786E8
4.460092259662884E9
1.2952099863162514E10
1.1750812595770168E10
1.7729444964033427E9
2.7986527448873174E8
4.4533182576782815E7
1996255.105841389
0.0
582944.0958646932
4945999.308155544
1.0312882608075935E8
1.4907738501155717E9
1.6462304093035017E10
7.244393055515717E10
2.767248332414907E10
4.2931482095854063E9
3.6785403509183776E8
6951415.684206652
595353.8673850991
0.0
0.0
0.0
0.0
0.0
0.0
0.0
0.0
0.0
0.0
0.0
0.0
0.0
0.0
0.0
0.0
0.0
0.0
0.0
0.0
0.0
0.0
0.0
0.0
0.0
0.0
63011.80148903352
1396415.3526794398
1.6683619838676553E7
2.223615307191551E8
1.4811934593166883E9
1.122140452081215E9
1.946660162187697E8
4.950829881537685E7
4784537.4216769785
938635.4900380401
0.0
0.0
92522.13397228903
3201924.762988325
2.3819010236910325E7
9.623183506601524E7
4.3466863386008245E8
6.325220761354203E8
1.404079547054202E8
1.672962929654184E7
1083091.8806031272
256041.4569110395
0.0
0.0
762985.1859248923
4743231.170739334
9463346.49428935
8.226729349669576E7
2.0186183255504373E8
2.5479435236491513E8
1.223934068781366E8
1.887010681184067E7
1812666.3702454187
516642.15144491976
0.0
0.0
279819.1713080651
675125.0250670797
4147109.85187908
1.9898674116577916E7
5.8146575996998504E7
1.800374781423958E8
6.086280387317862E7
2.026323167274916E7
1483292.937561137
183054.2820880115
0.0
0.0
187282.34076404065
769704.270627642
2494150.237236127
8218302.946896477
1.575546771372725E7
2.058203014920241E7
3.7297827247641675E7
5422553.734248533
1590618.50225248
158393.1022641399
0.0
0.0
336454.82329519285
1422366.962157846
3759429.1190753886
1.7360623702042714E7
0.0
1.3099221449662155E8
5.706012836082059E7
1.8179589083068192E7
2606990.388321052
621609.3303818653
0.0
0.0
589244.9973721288
3318618.3695324752
1.0712491548252488E7
3.179140485422788E7
1.5848200343686172E8
6.203050292325664E8
4.607813706367885E8
1.2323812309559214E8
2.4690525771360524E7
3869407.4298025714
0.0
0.0
1190248.9584045876
2264129.262017321
1.7000402874045067E7
2.0250129614553E8
4.0286408763914365E8
2.368100530494572E9
9.541602897431326E8
2.5858524373640543E8
6.759305394812661E7
1.3817978701814087E7
0.0
0.0
553459.1456931981
6603307.725835387
3.646466425978089E7
5.898572889003909E8
2.5903669694261947E9
5.970802245351456E9
2.563409353206226E9
1.127836915910343E9
2.8507179150844485E8
4.0683068406979024E7
0.0
0.0
516939.1234184272
1.4034399442510974E7
1.1354673367748001E8
7.043790016940218E8
8.80271260858284E9
2.590038982552671E10
6.298336751372355E9
1.1069002532484932E9
2.0513931135376453E8
9687745.191132665
0.0
0.0
393448.3440572489
3470704.4103785055
1.6318808909090966E8
1.9249942302024038E9
6.286677926865389E10
7.47550236883434E10
1.7680363575625397E10
1.1682618081250224E9
6.4165724670932174E7
2023453.145564437
0.0
0.0
0.0
0.0
0.0
0.0
0.0
0.0
0.0
0.0
0.0
0.0
16650.859219057693
783697.1443146702
1.1425307301798942E7
8.21903821555841E7
3.8667706042379975E8
1.127576783811184E9
1.3528596095682008E9
9.5932611342073E7
9321056.675805986
691849.4346112659
91632.84603596694
0.0
108311.40790939394
890294.5868903713
1.2632131939660734E7
6.747172583060382E7
1.9173832281733102E8
5.377474172581968E8
4.601801415829898E8
5.274211723129196E7
5835615.524147672
331014.56635329453
55760.93210512457
0.0
439666.7124864125
1636185.3813868137
9990213.76242377
3.0374630125043906E7
2.3245338851502827E8
3.081742903774334E8
8.532762556999338E7
6.385902134197533E7
1.0703098658579199E7
522618.45941114455
162903.5894279221
0.0
405111.9308670256
1212911.4013837269
2989207.778426932
1.2001328163713094E7
2.8783415787901077E7
1.6293787041708374E8
8.70770827950522E7
1.0043244652410462E7
4119115.460349742
281632.16363464313
87285.28043668752
0.0
160550.71801303094
524455.750409633
2206517.651097947
7901304.523569569
2.346362355771701E7
2.092915264880211E7
4.652153428275466E7
1.0441291841181189E7
1504829.5184460059
441119.25727845624
70162.83248966868
0.0
508804.05416054
975257.7838851473
3657285.22989598
1.1096000336076653E7
4.59260716917085E7
6.322968904870484E7
0.0
2.268091355397877E7
3114678.609255134
729478.4124219187
294141.0988142075
0.0
937790.6909833471
2429740.3896991177
1.002627092276244E7
2.7862512374138515E7
1.3620401240032163E8
6.553481769634398E8
5.020030145973885E8
1.7625445949180305E8
3.601050041878578E7
5301842.622895081
702211.7886990989
0.0
1164812.6441481642
3145888.024070864
1.055506142971123E7
1.3363800025415972E8
6.263326521817123E8
1.4084442233529944E9
1.090030908064285E9
3.62966604012867E8
1.3224253673377967E8
1.5915458162357816E7
2546022.501454713
0.0
1055987.1875940377
3942543.5873502316
2.744131634333477E7
1.4393808156187394E8
1.6123184895512908E9
4.001251692197607E9
3.990042427627701E9
1.0195314516932824E9
3.9408144576716864E8
6.760221026100735E7
4783257.491129239
0.0
1198406.4702685878
5706442.362096836
4.987187821513895E7
2.9542155517772007E8
1.6269379158467653E9
1.1546923122814754E10
1.2052920496226236E10
3.887629473736043E9
5.485378971533083E8
2.572250578245226E7
1115824.0094700702
0.0
165372.64832639805
1334793.4176107685
2.9127485338992245E7
7.100248266804904E8
4.2910502605467563E9
6.982527672921205E10
8.676969470992213E10
7.221198200378799E9
2.4091307320280197E8
1.187143049063101E7
353837.3921802321
0.0
0.0
0.0
0.0
0.0
0.0
0.0
0.0
0.0
0.0
0.0
0.0
0.0
0.0
19603.567896193374
1033723.4963515468
1.798561052983136E7
1.7768890520294836E8
6.996013871319904E8
2.095722422304261E9
3.6401193901816535E8
3.563023550293301E7
8845347.662016435
206271.6449062134
63943.77219561408
0.0
58747.3595121481
7170120.753246709
1.366519827568053E7
1.7290492097790232E8
3.2795994910076994E8
5.3281767244487166E8
3.0331811587033814E8
4.7590293119307786E7
2923263.4192375056
466968.5552298493
82519.44251406411
0.0
739630.1502477617
2230959.2051709844
6130783.7889606245
1.1556501532523338E8
1.3857620617140895E8
2.827395684451882E8
1.4144722856942517E8
3.60035987007691E7
4256632.871756103
560728.0991882328
157161.67290141
0.0
387925.66723814595
1074492.2395566297
1888537.5693110367
1.884588102909912E7
5.842110761379868E7
1.1125991890942639E8
6.948045783297434E7
1.7153213811810963E7
2514583.203351961
288932.7071352654
47347.768185021836
0.0
248303.1855714025
402092.33070613083
4222717.742299716
6470865.507858256
1.4635170170026427E7
2.378110736164883E7
3.71973219091477E7
6676718.433011609
752383.581798387
276834.730599777
95389.107402435
0.0
422488.6058951575
1075298.810388964
4668923.885743358
1.5395154456625555E7
1.694086299194292E7
0.0
1.0840251949983199E8
1.0967756787697325E7
4045238.960478325
1044272.6858442456
369212.1179501399
0.0
895824.2413319828
1459126.6255335175
1.2852565433612462E7
2.7232440701418683E7
2.3120595662213022E8
8.222775113504394E8
8.09921374651093E8
1.3211166018066227E8
2.7528017262788847E7
2278436.5850082384
681232.0897992551
0.0
894285.2558034038
4804301.690652378
2.653439485640652E7
1.889151164377877E8
3.667970142108867E8
3.3112690192049685E9
1.9109674488618555E9
1.5075103682378942E8
6.673975822217578E7
1.047452557744263E7
1559355.3045665394
0.0
517614.7186055775
4627467.473541862
3.8667671204975456E7
3.4892133502343965E8
1.8477740947004867E9
6.40882472692577E9
4.0200794256082335E9
8.489975878978169E8
4.527600803217389E8
4.2888837085390955E7
3974786.3796406733
0.0
1260895.0439956393
1.4779836049106251E7
5.336779743109438E7
4.889486025453391E8
5.457389607214933E9
1.8471109176630455E10
1.5958809015563843E10
2.6681378276141386E9
3.078841609219001E8
3.3543000401036415E7
1078581.8962184167
0.0
523052.640701134
739873.0728140047
9.146876932965733E7
8.306934344276068E8
1.2544285569762398E10
1.7901941922582608E11
2.5502781392903496E10
5.306688316248781E9
2.2738333920767367E8
6093685.227447779
213037.0647629676
