0.0
0.0
0.0
0.0
0.0
0.0
0.0
0.0
0.0
0.0
0.0
0.0
0.0
0.0
0.0
0.0
0.0
0.0
0.0
0.0
0.0
0.0
0.0
0.0
0.0
4.325720992059707E10
1.6534726120542688E12
1.7342708901016002E13
5.184961395961626E14
2.27634076904259E15
5.773385389032516E15
2.5235505370066785E15
3.4146226440223525E14
1.9605732624301727E13
2.0879079578420215E12
7.992519726528873E10
0.0
6.213560520871782E11
8.816114990722531E12
7.244194692323942E13
2.6569544328857244E14
8.74533328612821E14
2.635829502579222E15
1.0246402455825379E15
2.547841871048287E14
6.739761951179166E12
1.7126110607592302E12
2.4572972484885364E11
0.0
4.235460575126063E11
2.967454492315207E12
3.0506158972414367E13
1.2371893030797244E14
4.1046246834292256E14
1.1655750656343178E15
2.8752741145043925E14
5.253102862993534E13
1.3072949319906352E13
1.4768231155216663E12
3.5745146928210205E11
0.0
9.832963020500125E11
7.653584208345748E12
2.0560506769624742E13
8.910624699887639E13
1.1893244729386106E14
3.4937866288818375E14
3.047078883045375E14
7.135019190927264E13
1.1289339001203043E13
3.333146176193862E12
6.028600172279473E11
0.0
4.0223973150408076E12
5.859872507912705E12
3.915005279495132E13
2.3282800630723197E14
6.090576248801522E14
0.0
6.459022289934975E14
5.637627193622369E14
2.833871287673003E13
1.1988630020590996E13
2.2071890191832285E12
0.0
1.0952591693022783E13
2.3138832935012516E13
2.5417782268297738E14
1.0244219573463899E15
4.792718571443341E15
7.7723085028281968E16
5.252305999099732E15
1.728994302219935E15
1.2491597708851216E14
2.784498270621388E13
5.948807478967836E12
0.0
1.185981655790814E13
1.2325533598592756E14
7.564979461579405E14
5.565651751294856E15
4.96445066623736E16
9.880251585392104E16
3.458507672345072E16
4.702195171685342E15
1.1332459980296405E15
7.324907281726992E13
9.70506297092498E12
0.0
8.978531096828066E13
3.7546434281807056E14
1.6015575778860525E15
2.6963547223085536E16
2.45833529641355456E17
4.3447512549422349E17
1.87830885967148448E17
2.1479022064067804E16
3.0336628630958835E15
2.1690064302731456E14
5.4868836272451766E13
0.0
2.0292590598402128E14
1.384602725800702E15
1.5490357368105896E16
1.8536416237101536E17
5.8516188646303962E17
1.14003890550473472E18
3.495546812778441E17
9.8576758189097696E16
4.995672667941389E15
2.6976840762239322E14
7.72176342220125E13
0.0
9.4441171222586E12
7.766740934594368E14
1.3995154523326702E16
1.23612023498721696E17
1.11747081795735808E18
3.4030039431981706E18
7.5433897795427622E17
2.18836616929612672E17
2.258446697284648E16
2.8001262751750984E13
7.019749381767116E13
0.0
0.0
0.0
0.0
0.0
0.0
3.4655516372617672E16
0.0
0.0
0.0
0.0
0.0
0.0
2.445838599300675E11
2.4839908390570513E12
1.85240762660543E13
2.642224475529077E14
1.1124031465793345E15
7.368322969367667E15
1.272504092794129E15
3.771193296518414E14
2.5283679501905806E12
1.0809456260219116E12
1.3972379223498624E11
0.0
2.6688845678505612E11
2.778423026393216E12
2.6092859109236707E13
1.3750452675823688E14
6.667870755739741E14
1.4157698279366668E15
3.9623483745769344E14
7.19116587494198E13
7.116325334411511E12
6.641774044895935E11
2.9412698628721606E11
0.0
7.235295014285004E11
2.960084571136447E12
1.6213312983555615E13
8.187983691538794E13
1.2865862891589652E14
3.3713532391351244E14
2.5947394314034644E14
4.72777634916745E13
2.9956543334008547E13
1.7633683475317922E12
4.973159724544184E11
0.0
1.104475551615164E12
5.194876504444435E12
6.372257068760612E13
2.5945884888339503E14
2.4128745932582016E14
1.4227111459108634E14
1.051575452500879E15
2.248422719485897E14
1.3949552748147334E14
1.3588685982823713E13
1.9968228074607253E12
0.0
1.1628974808412072E13
2.649477708183374E13
1.5232428337076853E14
1.0264562325505122E15
3.016946803741003E15
1.58982537410357E14
4.263065859057423E15
1.7796257018714945E15
2.523023665881412E14
3.3405374821146637E13
3.280372657989023E12
0.0
1.5702032571976127E13
1.5597706088859012E14
1.4242773777517935E15
6.335926560668565E15
1.4813212046872014E16
0.0
2.6694916776964104E16
5.443545506248803E15
6.459062086099752E14
8.892398889892514E13
1.1543888520282627E13
0.0
5.205437553101594E13
1.7971965857027038E14
5.20848873717246E15
2.0176613471799692E16
1.369626949790064E17
3.0729554463994131E17
1.30594397132834656E17
3.7353589518863688E16
4.189702335418721E15
2.4497105982515325E14
2.8232950597551836E13
0.0
2.7146352503040944E14
1.2509237010182358E15
2.073642928151994E16
9.3045137284967936E16
4.106105711869433E17
8.5765973503807309E17
3.276764011634519E17
5.4145155095158488E16
1.3205538580326064E16
4.620859844096815E14
7.178066444095162E13
0.0
1.4203605885955156E14
8.632790915067438E14
1.6608049528465944E16
1.64533706891647328E17
7.5317920727067661E17
1.40059798939165261E18
8.001262837372425E17
1.82336772645576768E17
5.3023008464406624E16
1.1576143492331228E15
6.786265489678244E13
0.0
1.212298956950852E13
7.852751096359828E14
3.5108997308649224E16
4.1102700937157171E17
1.36014986076250163E18
2.5949970856221025E18
8.9691261138693018E17
1.45175105167619424E17
5.614862651711931E15
5.492154624450402E14
3.853084083123928E13
0.0
0.0
0.0
0.0
0.0
0.0
0.0
0.0
0.0
0.0
0.0
0.0
0.0
0.0
0.0
0.0
0.0
0.0
0.0
0.0
0.0
0.0
0.0
0.0
0.0
0.0
3.996974917518225E10
2.0913687826537874E12
2.3829446477142496E13
6.869258167991389E14
3.661236297938713E15
7.213122976059616E15
1.3490936334182582E15
1.2197465885917619E14
1.0861957711750533E13
1.885664526330558E11
0.0
0.0
8.943728198473206E11
6.339734618338603E12
3.3620174388405824E13
3.803772109256735E14
2.3324462295580005E15
2.651991060468994E15
1.3088620025370802E15
7.345972156164544E13
6.562754589642289E12
1.6042103133846538E12
0.0
0.0
5.303078277287552E11
4.385529932832033E12
3.383743709016694E13
1.6029334220631666E14
3.706632378802978E14
7.673431176547408E14
2.2572653835909034E14
3.1704526173091457E13
5.263420115432131E12
1.2542989727305833E12
0.0
0.0
7.75897076773794E11
6.357379883673936E12
2.777393163688314E13
8.205954792557275E13
1.2974507744611552E14
4.9179639604739594E14
2.3449179134722538E14
4.7590847974818625E13
2.776766572320847E13
3.1820762377150684E12
0.0
0.0
1.628558315105289E12
1.051953282191104E13
2.92961341140402E13
2.5708650836385978E14
7.040670977881486E14
1.7070297383930106E14
5.632044732220584E14
5.531006043954772E14
7.270301149319494E13
1.3753859737292738E13
0.0
0.0
8.242852623090595E12
5.3715157174459055E13
2.2928103657692994E14
6.599210552370255E14
0.0
5.247350227549794E15
6.031369847146905E15
1.0726527711795568E15
2.4210245084325962E14
5.044016114215459E13
0.0
0.0
2.793473988858378E13
1.1946897783631725E14
9.78873305996076E14
7.388260801047248E15
2.9395986650784356E16
7.5983982569373808E16
3.585849489657048E16
5.761645093308408E15
7.060475265745518E14
4.01559742670787E13
0.0
0.0
7.639335101703875E13
7.919467536552075E14
5.163641697480532E15
3.549317088723148E16
1.8448180549839424E17
3.4880008393901299E17
1.51523186293888736E17
2.2659063808212076E16
5.857567208619391E15
3.423336219960825E14
0.0
0.0
2.035695437298927E14
2.5622818828153845E15
3.5375570896442688E16
9.7787140434039568E16
4.4406183761373946E17
6.7817089067678336E17
3.6667186833075584E17
4.9951470330201152E16
1.5431344344145945E15
2.7318542993548803E14
0.0
0.0
1.3208897562485698E14
4.84281350568151E14
1.7708762398154236E16
2.70200076483793152E17
1.32847835157139968E18
1.30798774655661286E18
4.8883159471612128E17
2.36520519239293824E17
1.7948267215062944E16
5.2785251811671244E14
0.0
0.0
4.73681736049447E12
1.9982602277784628E15
3.44315973890062E16
3.8950003845892128E17
2.9721732321593216E18
1.73370075681918669E18
2.1632550149059632E17
3.20141559851785E16
5.078085387816941E15
4.111626864777765E14
0.0
0.0
0.0
0.0
0.0
0.0
0.0
0.0
0.0
0.0
0.0
0.0
3.0045026376544994E10
1.6609041313503247E11
1.5956830445195482E13
1.2811740316620097E14
8.144477597286255E14
3.855831840950849E15
8.05180951671739E15
5.858735737814808E14
2.059225446462702E13
1.7234598268510154E12
4.652816022061156E10
0.0
5.3285081404953467E11
3.4497291433731895E12
3.688604886171398E13
2.0598487556095325E14
9.140241811016566E14
2.6272477832576605E15
1.7130344100864712E15
6.588273078947992E14
1.0622668538681586E13
2.0076520390936455E12
4.007207972826352E11
0.0
1.729229805345161E11
3.005858180163925E12
2.3093184702354586E13
9.600020389566825E13
3.3849302828524456E14
1.1478258614652898E15
4.748722200339853E14
5.55450606733833E13
7.530763959797327E12
1.1625078155893975E12
3.1185255494231104E11
0.0
5.778866135740029E11
5.506104043110613E12
3.1254682504254902E13
6.2747135816259734E13
1.7564989866627428E14
2.9177695186571306E14
1.5672626054394006E14
7.894172588710795E13
2.3494997214764234E13
5.212342660907605E12
1.0652227961648762E12
0.0
2.9616366458023145E12
6.619708078493367E12
3.071997389070433E13
1.7812012766484734E14
7.367011113549564E14
1.9774344361920878E14
6.017129482028982E14
3.9404967237341394E14
1.1350369238790888E14
1.26078466480731E13
1.6542943434898325E12
0.0
5.870319964410391E12
3.0808756716420543E13
2.482911395896912E14
6.96243342336206E14
1.6992951866855205E15
4.821735072956479E15
0.0
2.305698270901471E15
1.570628475204663E14
5.5711243012887164E13
7.830592452822631E12
0.0
1.5144029903161275E13
1.5605390458023997E14
1.2741962424371995E15
6.335844459218075E15
4.3450362461040728E16
8.6175867081119728E16
2.8435801383911172E16
1.3576297158212082E16
5.613665660929631E14
1.0142578960850408E14
1.092683323529536E13
0.0
1.0099339859123838E14
4.1393199893687375E14
2.7435807458731595E15
1.9318576939433628E16
1.12640781146856544E17
4.7087402473355725E17
1.12342046844205424E17
6.2314043348421752E16
7.524207430073458E15
1.1958496461271338E15
4.758470606186758E13
0.0
9.786856404461136E13
1.489443248196598E15
1.7503557785677008E16
1.26582899665768736E17
3.2508466166756147E17
8.4071394103946266E17
4.1428111684674202E17
1.20067539712883264E17
1.088003794030998E16
3.646866023787024E14
9.148021999412889E13
0.0
1.051212553455909E14
6.171593806410526E14
6.586369848306697E15
1.18906650342025232E17
4.9060971216007341E17
1.65378687849014118E18
6.3549237157290842E17
2.75863451936082048E17
8.3746971705712192E16
2.1099730315701885E15
1.043567501508307E14
0.0
6.756353319014195E12
2.0037487980016712E14
1.2582982584077608E16
1.27748043480249216E17
8.2613634193716006E17
2.13742696044904346E18
1.88900265158681907E18
1.05774839471077792E17
7.24498896259423E15
8.261099454493359E14
1.8711678222694965E13
0.0
0.0
0.0
0.0
0.0
0.0
0.0
0.0
0.0
0.0
0.0
0.0
0.0
0.0
2.6156050016141636E10
7.35150077094074E11
1.5512791682573172E13
3.3987065855628875E14
1.8324949732948328E15
1.2589345535518294E16
3.000113212995449E15
2.939576527225907E14
1.3097144242926307E13
9.26471603325437E11
3.334221015689655E10
0.0
9.071944469963031E11
2.828871729790521E12
5.171590527755747E13
3.5615450984270294E14
1.5268067458220848E15
4.4853281696620275E15
1.199349030933169E15
2.2294528818045003E14
9.09079240312666E12
2.7904733957636064E12
4.8349930051035535E11
0.0
2.5538024231921317E11
1.9245548143509453E12
3.539203486567746E13
1.2689974906568723E14
3.2526787695625194E14
1.2974692844993908E15
2.4325868916811238E14
1.9905993118928547E13
1.0688532159085387E13
1.9303761872151199E12
4.819437052271267E11
0.0
4.828924462784575E11
7.535582381335088E12
2.3651140866727832E13
1.0591951166088361E14
1.101244725779302E14
3.5866793619338275E14
1.6070801577930325E14
6.214565847660692E13
2.9635194485917324E13
4.749649710983727E12
7.98898714294635E11
0.0
1.0309534036485176E12
3.9188752135892773E12
5.132757782927164E13
1.285569492716045E14
2.33581459908405E14
2.3564400650878822E14
7.017730862328681E14
4.567526360714879E14
5.528156087926172E13
1.4199280908670168E13
1.3640705497637153E12
0.0
6.258874554926445E12
4.947337681089808E13
3.218672235793353E14
1.4589494686060065E15
2.6478194820244885E15
0.0
7.857789303901908E15
2.0852267839923295E15
1.3774752645448581E14
6.8356486444577695E13
8.7126389260526045E12
0.0
1.5523888603512863E13
2.083109817987933E14
1.125671291026933E15
2.176731082970179E15
2.8429748055671912E16
5.9054918528271832E16
2.034408624129612E16
7.525752313941627E15
9.747672366493691E14
8.53957831910884E13
8.250402537563729E12
0.0
1.4022257111457925E14
2.6248691138662675E14
3.4170685652077415E15
3.374080050185852E16
2.16407926382037984E17
2.3402047486834752E17
1.11588637782548288E17
3.5223568283282236E16
7.513765947499517E15
5.2468773025454956E14
4.074352156725369E13
0.0
2.6117427122121478E14
1.7242377943665968E15
1.9551287260473008E16
1.32599113519787072E17
3.2434754941445254E17
6.8591502611492454E17
2.86588347384748992E17
8.639766243105048E16
9.774776553153828E15
5.40395986060542E14
5.711318420567795E13
0.0
1.108498701570727E14
1.60071667090446E14
2.349716727965816E16
2.42001092859146624E17
7.4534311361291878E17
2.6165043831352468E18
6.9501747712039539E17
1.28894184547739616E17
3.386200497702536E16
9.024872919758254E14
6.0444868667718766E13
0.0
6.056714845474484E12
7.640292846081298E13
2.8124521130483912E16
1.7474068566380848E17
1.40892725725707981E18
3.7588575174597801E18
9.603546233007145E17
4.7930922022811688E16
5.566196707649837E15
1.2721112541072875E14
4.213616530194095E12
