0.0
0.0
0.0
0.0
0.0
0.0
0.0
0.0
0.0
0.0
0.0
0.0
0.0
0.0
0.0
0.0
0.0
0.0
0.0
0.0
0.0
0.0
0.0
0.0
0.0
3.2862395873619198E10
6.349229605398142E11
5.96581842442341E12
3.3438851826888625E14
9.761366412300099E14
2.087120000272398E15
7.475998431190908E14
5.0738291910269375E13
7.499646840370445E12
2.1025159943005035E11
5.5882974554724106E10
0.0
4.7474256349386774E11
2.7106325487036636E12
1.0942372131911396E13
1.007452064542624E14
5.0125913793282975E14
1.285834474569664E15
3.8228739091641044E14
6.44982500394138E13
1.359081268922702E12
8.674382483596503E11
9.051961925426158E10
0.0
1.9623308344043066E11
8.703198825412053E11
7.231728966785629E12
4.26629315758081E13
1.7913200788364866E14
3.809693106705594E14
1.1865468987523183E14
1.5187193012178963E13
2.1025408926630796E12
8.100261976123204E11
2.2909946171599518E11
0.0
2.5026460098097595E11
9.74622361200558E11
9.317652358946898E12
1.8885286340816348E13
4.939125648590257E13
1.5716409846201616E14
6.648652073723063E13
9.474503871943205E12
2.589219217737609E12
6.489184729493967E11
2.824758587268693E11
0.0
1.5184973425352826E11
2.1785080775417769E12
7.64987497242049E12
5.199927824224557E13
1.1324046987539706E14
0.0
1.084945054299551E14
6.652080016282756E13
1.5640659221265254E13
3.382498028974766E12
5.876607522768281E11
0.0
1.6197079114880479E12
8.348166406479608E12
4.068850036802257E13
1.1692098716480475E14
5.63328893669061E14
6.328422556022861E15
4.406073004082828E14
3.265060854871933E14
4.206127676337633E13
9.634725887962748E12
1.1048707964224858E12
0.0
3.3130129115712896E12
2.687081781815493E13
1.6396098523327112E14
7.095838246885421E14
1.903142919332716E15
7.601811614177295E15
4.800520472429108E15
5.3814595326362875E14
2.834566423795857E14
3.014320064709074E13
5.859168821134099E12
0.0
2.3492930225372043E13
9.185516636111419E13
4.541859844258426E14
2.1729470814071505E15
1.0489922551138172E16
3.469037677583204E16
1.2337629516250608E16
2.98948599986788E15
5.064059397685477E14
6.744485109193823E13
2.735803392205991E13
0.0
1.7917870587080426E13
5.902635377742568E13
1.213577931489939E15
1.4959321634170038E16
8.9422199785524352E16
2.57377252440231008E17
7.3939959212603136E16
8.401631843362164E15
6.254234362357102E14
9.18181011319777E13
4.238649190523794E13
0.0
9.4441171222586E12
1.0783827570873355E14
6.855390990862626E14
3.238153872606766E16
1.83523269749886464E17
9.8452143429376794E17
2.26905871400451936E17
4.1486231175664424E16
9.997980138747464E14
2.8001262751750984E13
2.896297757790465E12
0.0
0.0
0.0
0.0
0.0
0.0
1.3448193136417378E16
0.0
0.0
0.0
0.0
0.0
0.0
1.2701492950787663E11
9.163337624342573E11
2.491573298639705E12
1.0789709966379812E14
6.197274267762388E14
3.021252948977133E15
4.207613860091531E14
7.119139725719372E13
1.012555601616017E12
1.2111264774406555E11
2.893683096532087E10
0.0
1.2217917826090149E11
6.537033668816765E11
6.826105556597226E12
3.2278513540667098E13
2.398752860894241E14
7.615871321270061E14
1.7817436776008547E14
1.8387039477477098E13
2.1013608672306753E12
2.464837183954238E11
1.7664327616316284E11
0.0
1.6754692068850275E11
1.6085940063602307E12
3.3270201189530317E12
2.3640645372692023E13
7.605077553004655E13
9.927752706634008E13
6.315188291238414E13
1.8520642512317383E13
2.1712203607173474E12
9.512635716105511E11
2.859205938595564E11
0.0
2.0150788220142072E11
1.7978448296276013E12
7.351151224516272E12
4.8863986003097586E13
9.343320151132248E13
3.886353090985297E13
2.1835954074296147E14
4.586131511370391E13
7.976412105966061E12
2.7600056141600664E12
8.417368287091875E11
0.0
2.3277772043314453E12
7.499987384888234E12
1.9376864980751715E13
1.786470957797697E14
3.610613970542103E14
5.670746231343547E13
3.52220415678223E14
3.326906552830489E14
6.398319604375861E13
9.80055797206942E12
2.0328017729708499E12
0.0
3.840939369592805E12
2.1619364706925586E13
1.8452001135066912E14
4.7126970173781244E14
2.359734204128138E15
0.0
1.421424776136478E15
1.3175440352602532E15
1.3801039601506544E14
2.578354227944992E13
4.110417297553195E12
0.0
1.6346082935024988E13
6.311747687066116E13
3.08584013886092E14
1.8877050237811515E15
1.0158723611590012E16
3.0322653675282664E16
1.1215202627396444E16
3.3785945150781815E15
7.357435851790278E14
7.401542009988456E13
2.5060613562066586E13
0.0
2.9952813608170535E13
2.508885424089192E14
1.5304260848652595E15
1.2287927098563322E16
3.9160216603316656E16
1.24128364926271056E17
4.777132096707376E16
7.225655916132558E15
1.212820584712454E15
1.1579949355601069E14
5.253653265947513E13
0.0
4.189990877512168E13
1.6298372909509172E14
1.724496060280052E15
3.4707674468350016E16
1.885809517441288E17
5.2397512919367123E17
1.09598323905781984E17
2.8620447950035136E16
2.978733588772691E15
4.8716419527718456E14
1.1797980434757516E13
0.0
7.052191036336393E12
1.034321242647918E14
5.003901632081426E15
7.100499847517844E16
3.4614683240085869E17
7.4871987956389414E17
2.9627803798171974E17
4.206604230515968E16
1.0208609493755458E15
6.663640318983875E13
2.128371359974019E12
0.0
0.0
0.0
0.0
0.0
0.0
0.0
0.0
0.0
0.0
0.0
0.0
0.0
0.0
0.0
0.0
0.0
0.0
0.0
0.0
0.0
0.0
0.0
0.0
0.0
0.0
3.291090661699337E10
4.9912712362196387E11
8.25005560170558E12
4.689549720002134E14
1.8551490727950565E15
2.354402424677473E15
4.064625117658294E14
5.9909913075277945E13
2.216953319027424E12
1.885664526330558E11
0.0
0.0
4.835769122385086E11
2.5189991037436777E12
1.453731287361139E13
1.668687992684066E14
8.113338232386605E14
1.2051506547716015E15
3.2600596977009956E14
1.783308645381957E13
4.2136986045349517E12
2.8621295372143665E11
0.0
0.0
2.687598953903563E11
1.158743176984187E12
7.413573801364096E12
4.626402273507999E13
2.2920350279776703E14
3.918411807363824E14
5.391247944009127E13
1.0090556160083969E13
1.970702992852144E12
7.550118092135695E11
0.0
0.0
3.930009948734785E11
2.4619917410794453E12
1.0035596417739406E13
2.554457475563057E13
4.714700316330966E13
1.1136487395679022E14
7.769927100897386E13
1.3577407703786016E13
3.1463276353358994E12
1.4879011296451382E12
0.0
0.0
2.9582401888744446E11
1.4095962972892056E12
9.51709331407977E12
4.9705581319452445E13
7.804930850099411E13
5.550865403734E13
1.4794867209084194E14
6.031780818471999E13
1.8151867034311766E13
3.4501819557883853E12
0.0
0.0
2.0429870107428315E12
9.25892563655534E12
2.540568158868822E13
1.1020649844829538E14
0.0
3.473633391318137E14
2.4661986920988122E14
3.0862952000505625E14
4.7206412547624625E13
1.1226771197983545E13
0.0
0.0
4.478913572300928E12
1.2901085895351918E13
2.061774596275452E14
4.9580735009391075E14
2.556924355035376E15
6.883655967070257E15
2.7621699524044445E15
8.211141198692402E14
1.4720109044907544E14
1.9018992880675676E13
0.0
0.0
1.974261493345467E13
9.05081403823305E13
3.596428003735258E14
1.3955581366392435E15
6.802550610226779E15
1.8802169885373864E16
1.5105300172010136E16
2.0834613323801468E15
3.6434618667495406E14
7.464322436436002E13
0.0
0.0
2.0239669691538445E13
2.7124103711178344E14
1.884482743235206E15
1.7886496448595104E16
5.2592728756255704E16
1.63462186350275392E17
3.9313869972545872E16
6.67748285357243E15
6.584598980642355E14
1.7961767080513784E14
0.0
0.0
3.584254164492943E13
1.6847486707997312E14
2.458218884380332E15
4.0050081364499304E16
2.00468091788787584E17
4.1494203843803168E17
1.7174530355884512E17
3.7462605222926992E16
3.106828476845769E15
1.3173188731887706E14
0.0
0.0
4.73681736049447E12
1.0004365723583102E14
6.015470990165801E15
1.4064522873839128E17
7.7712512193325184E17
5.0651427719820397E17
1.08518991066645696E17
1.5613378339594068E16
1.1476522649133038E15
1.3188621100250504E13
0.0
0.0
0.0
0.0
0.0
0.0
0.0
0.0
0.0
0.0
0.0
0.0
3.0045026376544994E10
1.6609041313503247E11
3.1088437025930625E12
3.2134166268642293E13
6.295335840147215E14
1.4366479933949915E15
2.0516331195720182E15
1.5515139343108472E14
4.2017575940950703E12
7.62439957974317E10
3.851408598375668E10
0.0
2.6866839503403326E11
2.766327774640961E12
1.6080032205465371E13
7.447717330226419E13
3.3589893902734175E14
1.1968934767344775E15
8.092252157463871E14
1.3916476583447456E14
8.348950015819742E12
5.2859961739438086E11
7.141784914940628E10
0.0
9.192272615204204E10
7.674103355039579E11
2.51410879554399E12
2.949693892569219E13
1.2919452170955398E14
4.22875355307013E14
1.5969845079033444E14
2.039968059592793E13
2.457185403400667E12
8.709867952328076E11
2.014420796347489E11
0.0
1.556250120904048E11
1.9149052800483738E12
7.181721949405121E12
2.5111141049168203E13
6.415533457554037E13
1.0243000980632227E14
5.957890804063092E13
1.7782264283126688E13
2.201832474610162E12
7.81363330133545E11
4.8020341475884875E11
0.0
1.460531669966788E11
4.134431073135765E11
4.687854042325034E12
3.5745858193041266E13
1.3739681775480405E14
5.113372705144314E13
1.436279928912977E14
1.0692605288275619E14
1.963736446245656E13
5.436441695017976E12
9.512432378164738E11
0.0
1.9385589062339475E12
1.3121944811719938E13
4.657752280148484E13
1.3146969401471272E14
3.7401249690115525E14
3.819243102008314E14
0.0
3.6127776584458925E14
5.4243067722174016E13
1.0527524741726172E13
2.090519806753933E12
0.0
4.979755121716808E12
1.6399021659929348E13
1.0957950717542447E14
8.224146345511622E14
2.736057547425949E15
3.4654770961232875E15
2.702664389748732E15
1.1890858232672155E15
2.7213508536284747E14
5.121339037588671E13
6.540062055592671E12
0.0
1.5563511202860945E13
7.085479801519561E13
4.466957076019271E14
2.239630646200787E15
4.313166887951641E15
1.9077009765953976E16
1.164709322710846E16
2.254552403624182E15
4.74412967017228E14
6.954494716953533E13
2.0054589070660938E13
0.0
2.285887603573427E13
1.377452936531979E14
1.2384337301987272E15
5.879355266912634E15
5.0064713556856784E16
1.261885828981748E17
5.3149238951527568E16
1.82227136233461E16
2.1072614169058898E15
1.8673629588828678E14
4.336989054043765E13
0.0
4.6098306640965516E13
1.4643871944553075E14
8.017981279176759E14
1.0009102504661764E16
1.05901059527412352E17
2.9682802222774272E17
2.67451046356044768E17
8.7651477795179872E16
7.436006214273335E15
3.6270299023426394E14
9.023216859937555E12
0.0
4.490735513292581E12
5.330865425227444E13
2.987199566665198E14
2.3345572843847972E16
2.20836118888389184E17
5.2626219778093306E17
6.338057089906464E17
4.0132630247676792E16
2.566544436060404E15
9.741610621109398E13
1.2372640473895132E12
0.0
0.0
0.0
0.0
0.0
0.0
0.0
0.0
0.0
0.0
0.0
0.0
0.0
0.0
2.6156050016141636E10
3.322441281949597E11
2.5415921092726733E12
1.903770670174788E14
5.926247359226279E14
4.0921301239116505E15
7.812490770436746E14
8.770067398727272E13
1.082638849111438E12
1.0830166171193318E11
2.532813592004168E10
0.0
4.9639853938749115E11
1.2591946605506191E12
6.225939962811322E12
1.2040796261522331E14
5.762108302992455E14
1.6370447563394405E15
5.698093953906872E14
8.612423214703942E13
5.225924069444762E12
4.662481616647617E11
4.796244853613298E10
0.0
1.9933307268656998E11
1.0073954539937421E12
9.727140866350352E12
3.05634923480966E13
1.497082039190081E14
5.0075366647613644E14
1.369633173312619E14
1.0482950033703836E13
2.4544541353070156E12
6.402808398245029E11
3.1115228876207367E11
0.0
1.732531603368589E11
2.4795560394285146E12
7.917642562776219E12
3.0389583321762906E13
4.763850765848694E13
1.5812515768360672E14
7.113408822041477E13
1.3906606051999215E13
1.7356267897845706E12
1.3062341008197837E12
2.4207737417209647E11
0.0
9.813886175262378E10
1.7516605393562378E12
6.624119571951436E12
4.622164902167105E13
7.123166216617342E13
8.248868052523181E13
2.155268074176385E14
8.967269269755253E13
9.747331392858795E12
3.27386107789359E12
7.038820725942284E11
0.0
1.0434868866335471E12
8.835701031403969E12
3.830543079892022E13
1.0260210576644964E14
4.315460701662156E14
0.0
3.6716783764484344E14
2.2158813051512322E14
3.9413141464659586E13
1.438337301379871E13
1.4771264203615918E12
0.0
2.673898735467042E12
2.3065162606452047E13
1.2976713832096411E14
7.140964322264484E14
2.1828667797953975E15
6.896291342998711E15
2.472263984697174E15
7.188388390442872E14
2.3522553495983747E14
2.6595637902198125E13
5.570260264211834E12
0.0
2.6715535237767324E13
5.5558877645338625E13
4.276243940413266E14
2.1864477320611565E15
9.945628745148628E15
2.5502146868463824E16
1.0810184142676388E16
2.898688998211234E15
2.87144385103212E14
6.625021151318536E13
1.3232719216861834E13
0.0
2.6100416895696344E13
1.2158817277996394E14
1.0235236567343949E15
1.5704980023232246E16
6.1336442223474216E16
1.49768671704210944E17
5.772632143391512E16
7.2599985238397E15
1.5716581103605215E15
1.0972694784680584E14
3.786905242420145E13
0.0
4.132448835182846E13
5.576094341935304E13
8.413146940761426E14
3.1715007795230328E16
1.08801660356438448E17
8.0144878761270989E17
2.669713345746288E17
2.1679018234205688E16
1.3840432056425965E15
2.3203713801988728E14
9.97879941674607E12
0.0
9.859163123023572E11
7.640292846081298E13
1.702730388500427E15
5.9088034581495064E16
2.6078564634023904E17
8.3017058870296691E17
2.7783365630489472E17
1.6809362030355212E16
1.6357635847461995E15
5.023423952602161E13
1.5801532299338462E12
