0.0
0.0
0.0
0.0
0.0
0.0
0.0
0.0
0.0
0.0
0.0
0.0
0.0
0.0
0.0
0.0
0.0
0.0
0.0
0.0
0.0
0.0
0.0
0.0
0.0
0.0
0.0
0.0
0.0
0.0
0.0
0.0
0.0
0.0
0.0
-0.015000000000000003
0.0
0.0
0.0
0.0
-0.0075000000000000015
0.0
0.0
0.0
0.0
0.0
0.0
-0.015000000000000003
0.0
0.0
0.0
0.0
0.0
0.0
-0.0075000000000000015
0.0
0.0
0.0
0.0
-0.0075000000000000015
0.0
0.0
0.0
0.0
0.0
-0.015000000000000003
-0.015000000000000003
0.0
0.0
0.0
0.0
0.0
0.0
-0.0075000000000000015
-0.0075000000000000015
-0.030000000000000006
-0.030000000000000006
-0.12750000000000006
0.0
-0.1650000000000001
-0.022500000000000006
-0.0075000000000000015
-0.037500000000000006
-0.022500000000000006
0.0
0.0
0.0
0.0
0.0
0.0
0.0
0.0
0.0
0.0
0.0
-0.0075000000000000015
0.0
0.0
0.0
0.0
0.0
-0.0075000000000000015
0.0
0.0
0.0
0.0
0.0
0.0
0.0
0.0
-0.0075000000000000015
0.0
0.0
-0.0075000000000000015
0.0
0.0
0.0
0.0
0.0
0.0
0.0
0.0
0.0
0.0
0.0
0.0
0.0
0.0
0.0
0.0
0.0
0.0
0.0
0.0
0.0
0.0
0.0
0.0
-0.0075000000000000015
0.0
0.0
0.0
0.0
0.0
0.0
0.0
0.0
0.0
0.0
0.0
-0.0075000000000000015
0.0
0.0
0.0
0.0
0.0
0.0
-0.0075000000000000015
0.0
0.0
0.0
-0.0075000000000000015
0.0
0.0
0.0
0.0
0.0
0.0
0.0
0.0
0.0
-0.0075000000000000015
0.0
-0.0075000000000000015
0.0
0.0
0.0
0.0
0.0
0.0
0.0
-0.0075000000000000015
0.0
0.0
-0.0075000000000000015
0.0
0.0
0.0
0.0
0.0
0.0
0.0
0.0
0.0
0.0
-0.0075000000000000015
-0.0075000000000000015
0.0
0.0
0.0
0.0
0.0
0.0
0.0
0.0
-0.0075000000000000015
0.0
0.0
0.0
0.16430625000000001
15.692720515625002
0.0
0.0
0.0
0.0
0.0
0.0
-0.022500000000000006
-0.0075000000000000015
0.0
-0.022500000000000006
-0.1800000000000001
0.0
-0.1725000000000001
-0.022500000000000006
-0.0675
-0.030000000000000006
-0.045000000000000005
0.0
0.0
-0.0075000000000000015
0.0
0.0
-0.0075000000000000015
0.0
0.0
0.0
0.0
0.0
0.0
0.0
0.0
0.0
0.0
0.0
0.0
0.0
0.0
0.0
0.0
0.0
-0.015000000000000003
0.0
0.0
-0.015000000000000003
0.0
0.0
0.0
0.0
0.0
0.0
0.0
0.0
0.0
0.0
0.0
0.0
0.0
0.0
0.0
0.0
0.0
0.0
0.0
0.0
0.0
0.0
0.0
0.0
0.0
0.0
0.0
0.0
0.0
0.0
0.0
0.0
0.0
0.0
0.0
0.0
0.0
0.0
0.0
0.0
0.0
0.0
0.0
0.0
0.0
0.0
0.0
0.0
0.0
0.0
0.0
0.0
0.0
0.0
0.0
0.0
0.0
0.0
0.0
0.0
0.0
0.0
0.0
-0.0075000000000000015
0.0
0.0
0.0
0.0
-0.0075000000000000015
0.0
0.0
0.0
0.0
-0.015000000000000003
-0.0075000000000000015
-0.0075000000000000015
0.0
0.0
0.0
0.0
0.0
0.0
0.0
0.0
0.0
0.0
0.0
-0.0075000000000000015
0.0
0.0
0.0
0.0
-0.0075000000000000015
0.0
0.0
0.0
0.0
0.0
0.0
-0.015000000000000003
0.0
0.0
0.0
0.0
0.0
0.0
0.0
-0.0075000000000000015
-0.0075000000000000015
-0.030000000000000006
1.1253187917810843
0.0
141.87647753453535
6.216130583598073
0.0488772893740361
-0.0075000000000000015
-0.015000000000000003
0.0
0.0
0.0
-0.0075000000000000015
0.0
-0.0075000000000000015
-0.015000000000000003
0.0
0.0
0.0
0.0
0.0
0.0
0.0
0.0
0.0
0.0
0.0
0.0
0.0
0.0
0.0
0.0
0.0
0.0
0.0
0.0
0.0
0.0
0.0
-0.0075000000000000015
0.0
0.0
0.0
0.0
0.0
0.0
0.0
0.0
-0.0075000000000000015
0.0
0.0
-0.0075000000000000015
0.0
0.0
0.0
0.0
0.0
0.0
0.0
0.0
0.0
0.0
0.0
0.0
0.0
0.0
0.0
0.0
0.0
0.0
0.0
0.0
0.0
0.0
0.0
0.0
0.0
0.0
0.0
0.0
0.0
0.0
0.0
0.0
0.0
0.0
0.0
0.0
0.0
0.0
0.0
0.0
0.0
0.0
0.0
0.0
0.0
0.0
0.0
0.0
0.0
0.0
0.0
0.0
0.0
0.0
0.0
0.0
0.0
0.0
-0.0075000000000000015
0.0
0.0
0.0
0.0
0.0
0.0
0.0
0.0
0.0
0.0
0.0
0.0
0.0
0.0
0.0
0.0
0.0
0.0
0.0
0.0
0.0
0.0
-0.0075000000000000015
0.6169406219140626
0.0
0.0
0.0
0.0
0.0
0.0
-0.022500000000000006
-0.015000000000000003
-0.015000000000000003
-0.030000000000000006
11.043198939273948
176.3919440692996
0.0
0.27438644687018043
-0.045000000000000005
-0.015000000000000003
-0.0075000000000000015
0.0
-0.015000000000000003
0.0
0.0
0.0
0.0
0.0
-0.0075000000000000015
0.0
0.0
0.0
0.0
0.0
0.0
0.0
0.0
0.0
0.0
-0.0075000000000000015
0.0
0.0
0.0
0.0
0.0
0.0
0.0
0.0
0.0
0.0
0.0
0.0
0.0
0.0
0.0
0.0
0.0
0.0
-0.0075000000000000015
0.0
0.0
0.0
0.0
0.0
0.0
0.0
0.0
0.0
0.0
0.0
0.0
0.0
0.0
0.0
0.0
0.0
0.0
0.0
0.0
0.0
-0.0075000000000000015
0.0
0.0
0.0
0.0
0.0
0.0
0.0
0.0
0.0
0.0
0.0
0.0
0.0
0.0
0.0
0.0
0.0
0.0
0.0
-0.0075000000000000015
0.0
0.0
0.0
0.0
0.0
0.0
0.0
0.0
0.0
0.0
0.0
-0.0075000000000000015
0.0
0.0
0.0
0.0
0.0
0.0
0.0
0.0
0.0
0.0
0.0
0.0
0.0
0.0
0.0
-0.0075000000000000015
-0.0075000000000000015
0.0
0.0
0.0
0.0
0.0
-0.015000000000000003
0.0
0.0
0.0
0.0
-0.0075000000000000015
0.0
0.0
0.0
0.0
0.0
-0.0075000000000000015
-0.0075000000000000015
1.2338812438281253
0.0
0.0
0.0
-0.015000000000000003
0.0
0.0
0.0
-0.022500000000000006
-0.015000000000000003
0.5695325222915311
108.93133291699291
0.0
41.391235096588716
0.23112419448993612
-0.037500000000000006
-0.045000000000000005
0.0
0.0
0.0
-0.0075000000000000015
0.0
0.0
-0.0075000000000000015
-0.0075000000000000015
0.0
0.0
0.0
0.0
0.0
0.0
0.0
0.0
0.0
0.0
0.0
-0.0075000000000000015
0.0
0.0
0.0
0.0
-0.0075000000000000015
0.0
-0.0075000000000000015
0.0
0.0
0.0
0.0
0.0
0.0
0.0
0.0
0.0
0.0
0.0
0.0
0.0
0.0
0.0
0.0
0.0
0.0
0.0
0.0
0.0
0.0
0.0
0.0
0.0
-0.0075000000000000015
0.0
0.0
-0.0075000000000000015
0.0
0.0
0.0
0.0
0.0
