0.0
0.0
0.0
0.0
0.0
0.0
0.0
0.0
0.0
0.0
0.0
0.0
0.0
0.0
0.0
0.0
0.0
0.0
0.0
0.0
0.0
0.0
0.0
0.0
0.0
1.0761388089031468E16
1.6117398208679984E17
2.9264104981353953E18
1.513399446352787E20
1.0698034732436343E21
3.255864084321612E21
9.543654840888821E20
1.0018256974165469E20
2.1388024909553435E19
6.4734409835281075E17
1.03764438017141968E17
0.0
1.02815017776920352E17
5.8798730720331136E17
8.6322949903125074E18
7.823321512698747E19
2.9768539324615754E20
1.2084508513256533E21
2.8800835177789057E20
1.2082068230344157E20
1.5731072730813989E19
2.5852902288860078E18
2.57322415208190272E17
0.0
4.5571286993781936E16
3.1737231578028288E17
6.5511730699267645E18
2.223599152635628E19
1.0252071657981398E20
3.620466785683947E20
9.926581729442002E19
2.4933124839288365E19
6.8754594477892198E18
8.4177549815064448E17
1.97331290201765504E17
0.0
3.8011420607704896E16
1.304569939884036E17
1.33514764962687258E18
1.0782532836006687E19
3.442465119898556E19
9.313881832377177E19
1.3155629816490569E20
2.4827063449969983E19
1.503018809262209E19
9.348713440989116E18
6.4965370061048883E17
0.0
2.10362479019462496E17
1.09807995901299558E18
4.1036278992989471E18
4.30826802551307E19
2.2174906356993183E20
0.0
6.494271935891998E20
1.4014039970522376E20
4.059480326600832E19
1.0671914099227351E19
4.1661248151393664E18
0.0
5.716310604547177E17
1.0340122736271305E18
6.215933401103817E19
3.616323968255821E20
7.055642568949274E20
2.4212966575018307E22
1.3456868554345792E21
2.9680097152869276E20
1.466314844223853E20
2.6207463734062006E19
1.1337940832530588E19
0.0
4.6306944407144878E18
1.1705084124083216E19
2.3736269111108236E20
1.1533007593239591E21
3.686349010408156E21
2.1701855280205778E22
3.7187462944541764E21
1.8798337548259395E21
4.822884268365649E20
8.75660998584554E19
5.2926444076595046E18
0.0
3.210088772443898E19
1.5765653268325165E20
1.198922842659084E21
7.03074015728285E21
3.929977293264525E22
4.303006010490167E22
3.3923430308533697E22
5.065437237166429E21
2.6902021117101573E21
4.7172707906761255E20
7.805143476255695E19
0.0
9.008130081078664E19
6.557937302656317E20
4.854142269644242E21
1.4100210836498719E22
8.195177087943829E22
2.3184168918474654E23
8.912085001687896E22
1.8197930317167525E22
4.413657366461915E21
5.5222605583914854E20
5.506029614656202E19
0.0
1.3025056912803267E19
9.5233725917257E19
3.722829042589252E21
2.9255259891700058E22
2.2730596711727204E23
1.4597995220618246E24
1.5141392873420144E23
4.047216068481958E22
4.360170646728713E21
5.0203574209822084E20
2.1497093705283813E19
0.0
0.0
0.0
0.0
0.0
0.0
1.6928644466559167E22
0.0
0.0
0.0
0.0
0.0
0.0
5.0208663031095936E16
2.80010109073314752E17
5.399937537971327E18
7.374316083293937E19
4.828233759360144E20
3.460187969209724E21
4.423800710088652E20
6.922144457545382E19
1.1222706051407446E19
1.41731521355853286E18
2.15102098491787648E17
0.0
3.656204537098704E16
2.46091476640098016E17
4.1412637397737779E18
2.2487310406485983E19
1.0111005147770687E20
8.118561968612825E20
1.688566587178581E20
3.238787764327534E19
2.402732975429996E18
5.5058566115322419E17
8.8649765464555632E16
0.0
2.052919673306644E16
1.6830936719655216E17
9.5374758825257331E17
1.3539454630203507E19
7.023794167590378E19
1.6369021579899476E20
1.8063041676130216E20
3.374488868984272E19
1.3856475052264876E19
3.4876427795844122E18
7.546274801986496E17
0.0
8.6688673273516832E16
6.9606366830447987E17
7.5421080309484073E18
1.705230235917255E19
2.4006122295332038E20
1.2004101851098767E20
5.721817459045991E20
1.2686960331562559E20
5.311839686007616E19
2.2082155106957713E19
4.5205862411832934E18
0.0
4.8227551226598451E17
1.86710594344844186E18
5.045776708853982E19
1.9218321118618554E20
8.208900207371488E20
7.786338222668248E19
1.7568028027537402E21
4.403236808262501E20
1.3371516297688015E20
1.5605732883605432E19
1.4215090520075973E19
0.0
3.4322122814714317E18
7.1009908409994947E18
1.7767253090725033E20
1.6498787472667933E21
3.7115685589806266E21
0.0
5.314158761719461E21
1.239466663218397E21
5.315876734913147E20
2.3747341429060452E19
1.8113602728704627E19
0.0
1.4408792163844841E19
5.017020146220733E19
9.987550306407555E20
4.694002656442111E21
1.8732997903721385E22
6.084467244525664E22
2.05905190988468E22
4.567292643021016E21
1.9620055760882025E21
1.9526464315267052E20
4.551110901798636E19
0.0
1.1864784942012134E20
1.2043923295733983E20
5.288319511465585E21
1.7527730146113518E22
6.5342377187387116E22
2.2672687867002678E23
7.4192137799496175E22
9.74495771065681E21
4.6742080232707326E21
5.270711911566715E20
1.714513877889843E20
0.0
6.7007247637211865E19
1.564504362593112E20
6.337708015281675E21
2.6878990921250023E22
1.53346914530969E23
6.795691202942795E23
1.7778364003130562E23
4.193405304367958E22
7.246481790182651E21
6.222795690431447E20
7.421478015330565E19
0.0
4.8733701808485468E18
3.281185869600607E19
1.99261743506454E21
4.239246708869277E22
4.238348031499695E23
1.5946310201068015E24
2.6617412963052982E23
2.682419173568373E22
1.7459357762176184E21
3.2102256751003455E20
2.0338343932769673E19
0.0
0.0
0.0
0.0
0.0
0.0
0.0
0.0
0.0
0.0
0.0
0.0
0.0
0.0
0.0
0.0
0.0
0.0
0.0
0.0
0.0
0.0
0.0
0.0
0.0
0.0
2.3411024851839555E15
1.17490158116167232E17
1.46972517809436109E18
1.709005280609298E20
2.9823120809862564E21
2.0962682793434158E21
4.642693103486406E20
7.354123533906696E19
4.8012534021315881E18
6.6018010943879667E17
0.0
0.0
1.03404596575059904E17
1.24757008173326694E18
1.509905831080149E19
8.459971507207073E19
5.11629747062764E20
1.138102023794101E21
3.1260793797068626E20
4.773286277462353E19
1.0178950084266211E19
1.33910902444786483E18
0.0
0.0
3.0689547308650648E16
2.56476775940021088E17
3.2830545582263219E18
2.5950414751673573E19
1.30061769741976E20
2.8892528247443017E20
6.036062393092727E19
2.7606708240005992E19
2.7610105073267446E18
5.0486926590626138E17
0.0
0.0
2.9209537841653076E16
2.80325840306266848E17
8.6787757985538522E17
1.591915164343248E19
8.523352924218258E19
9.946206327097257E19
8.911778675639578E19
5.152632174202768E19
1.3347824055958143E19
4.3613902961179622E18
0.0
0.0
1.50987134072588544E17
6.2936492725686682E17
6.5689570518204006E18
6.66476809299445E19
9.468015266106907E19
5.723334197706049E19
4.922857750080481E20
1.4910739071691417E20
4.911915566506634E19
2.092847254471226E19
0.0
0.0
6.5900626565379994E17
4.5493508177158513E18
1.6857520117877627E19
3.365593322436235E20
0.0
1.4971062828856613E21
9.941462290392479E20
3.3419255113670374E20
9.774090668795802E19
4.279586489532919E19
0.0
0.0
2.8778259115823524E18
2.799569236923773E19
2.328191210905612E20
5.934719746791579E20
5.499042420327665E21
1.3967513516013942E22
2.591852148213321E21
1.393260472471308E21
5.2910046481050626E20
5.3798127363288334E19
0.0
0.0
2.3524202057316966E19
5.087322223412225E19
1.0867586014040295E21
8.008642712402709E21
1.4615369761159014E22
6.0678142383694075E22
1.2890524804751003E22
5.447303132375736E21
1.7084054224195315E21
2.4102709482706865E20
0.0
0.0
8.289353622092313E19
9.488591482281149E20
6.576333305678928E21
2.4425524240589055E22
7.916985191116048E22
1.757136638941445E23
5.5924462311971786E22
1.696205861702529E22
1.8950751708803613E21
4.3215996491737543E20
0.0
0.0
4.815610289271781E19
2.9482188937719572E20
8.076621957595467E21
5.793330448161761E22
4.264749961653113E23
5.922197471575559E23
1.860892829803364E23
3.1548403167043418E22
3.387113804704362E21
5.668521623066421E20
0.0
0.0
2.5708740285491292E18
1.128026958622994E19
2.856967398905044E21
7.383708084729495E22
1.0846127979331105E24
4.8740370669845925E23
8.661923227894119E22
1.3175104634537034E22
1.827448566664152E21
2.179327338638324E20
0.0
0.0
0.0
0.0
0.0
0.0
0.0
0.0
0.0
0.0
0.0
0.0
6.427397797830261E15
4.527689562513948E16
1.62893896759281178E18
1.1011251034220601E19
4.575215316292642E20
2.8534781970763974E21
2.073178386582534E21
2.3364876040712677E20
1.2344228137544262E19
2.45221606355184128E17
4.0779207293435984E16
0.0
9.6385236134402688E16
4.0697414563144038E17
6.0618473834105016E18
5.571710551598615E19
2.4267043996749634E20
1.1742367751938562E21
8.659316025342575E20
1.2130762506757908E20
1.5697401601312342E19
3.0516947043497047E18
3.2970289824704192E17
0.0
2.716871235935302E16
4.9052813907503757E17
3.000769071366229E18
2.6103796964056605E19
8.199283004624532E19
4.7121294801671776E20
1.4670909313719465E20
4.756544021369419E19
1.2970484431641663E19
9.0806102694127526E17
8.9230977094638256E16
0.0
2.8722806099290324E16
1.43813201767948544E17
1.46445864301648256E18
6.8996655943833754E18
8.58631199064335E19
9.390860282160706E19
1.6895624438707067E20
3.7308591837951164E19
1.741161446098198E19
4.6030484616333517E18
1.24521944428058419E18
0.0
1.0831483083637648E17
8.5098891216519206E17
7.6186567423159009E18
1.3695382767846756E19
2.1858929569967296E20
8.584482471550475E19
3.229952904478792E20
1.9930197692511846E20
5.6309754062260535E19
1.375954457327875E19
5.1516521116612997E18
0.0
4.499040829091385E17
3.714819045230313E18
2.2965903385624936E19
2.638900819622567E20
8.027484190693162E20
1.1217168113218686E21
0.0
4.563713964207738E20
1.0729710656336711E20
2.628210501172484E19
1.6306478401528754E19
0.0
5.5283592479598377E18
2.7665103513658966E19
2.045726615917602E20
5.097981380707939E20
2.4561089955697876E21
1.433968040889897E22
5.082668757481848E21
1.750312818785389E21
4.0277682064073425E20
1.1849792059038725E20
1.2392641840845005E19
0.0
2.5967713463259386E19
1.5080895272249452E20
8.276919119805882E20
3.465785905749938E21
2.2764973854885505E22
6.0842208720036215E22
3.146816013075853E22
6.060619384264487E21
3.037643332775749E21
5.323160453066267E20
3.2260299607634026E19
0.0
1.029377568664585E20
6.142852372607912E20
3.3865500365112706E21
1.9534061814097197E22
6.1119737895066645E22
1.6882069914251035E23
6.8425071798957675E22
3.0658562923884236E22
3.794825554923903E21
3.886321624790565E20
1.180380646295164E20
0.0
7.244202651868462E19
1.8840939899680755E20
2.613742311755717E21
2.9623915798913184E22
1.0889327877216748E23
7.07828550944455E23
4.035706798700706E23
6.490505505535421E22
7.810058678974825E21
1.0772135066821586E21
2.6357629456431415E19
0.0
2.9633056752663455E18
1.5655071989758247E19
3.792972511398933E20
1.702158758911356E22
1.875463221231425E23
1.2416241533682824E24
7.202960764390082E23
4.314994005578587E22
2.98917658989273E21
8.132645428053918E19
2.0034339310210023E19
0.0
0.0
0.0
0.0
0.0
0.0
0.0
0.0
0.0
0.0
0.0
0.0
0.0
0.0
5.279865366884915E15
5.4939220579867664E16
1.93007641657433728E18
1.5990675080284848E20
1.5259499523377817E21
4.665526281361291E21
7.66077990051053E20
7.946816210376984E19
1.8693910965201256E19
6.8397931240174682E17
2.7405091227520872E16
0.0
8.16901154099008E16
3.6804080736087456E17
8.1911296848350976E18
7.883898746853886E19
2.7050520344835215E20
1.588828385924572E21
4.445693822244915E20
1.0430349716364958E20
1.3410482141075909E19
2.6140658701157888E18
2.68655227028710528E17
0.0
3.8305473296034536E16
2.1777554567679952E17
3.0311026613265326E18
1.6667683167397407E19
7.6484842646229E19
6.34791155517187E20
1.3222231779659882E20
4.557104734245128E19
3.8948796589890022E18
1.22821083872668621E18
1.59050871317584064E17
0.0
1.8076199452308468E16
9.2006692074769248E16
1.09498278641920934E18
2.1034671369020477E19
4.491016671159808E19
1.2317113542396661E20
1.3495815977458036E20
2.4006503912329056E19
1.7080889926189285E19
4.8749930598965146E18
1.57130342437281562E18
0.0
1.74368182268979712E17
7.5168236216890765E17
3.2333703265233572E18
3.805042991386529E19
1.5025748895519605E20
8.709775860607977E19
7.87533227613152E20
1.5161452879907412E20
4.791373775586863E19
1.8765479961962574E19
3.3370003120211282E18
0.0
4.1182325799280384E17
1.44389156098099712E18
6.56028662285043E19
4.926465228761482E20
1.0590239353535498E21
0.0
1.2667633490198507E21
5.970919436439527E20
1.6304316953451168E20
3.28261541402618E19
1.0686912166664638E19
0.0
3.4773222331035228E18
1.3601805313248864E19
2.2280841072635547E20
8.84969912059134E20
3.3882433892262855E21
2.1727160299362527E22
3.3066115395100706E21
1.3693932735969797E21
3.388801141062658E20
4.7638116897866236E19
1.3789227702804247E19
0.0
4.726253331927834E19
3.2731778354819686E19
6.489835271408694E20
7.042468629909435E21
2.3245555044688884E22
5.190214011766446E22
2.604040057219424E22
5.591935228570281E21
1.6540273796985528E21
4.752425601337276E20
3.690945906178107E19
0.0
2.2366462197926245E20
5.0022614229977747E20
4.41484487677471E21
1.9015248060732083E22
8.33027204101671E22
2.4226794850214584E23
1.0209101484171135E23
2.774296483234898E22
3.006781367545676E21
3.2725569055351085E20
1.0890052490033565E20
0.0
6.991216016613699E19
3.043150199585711E20
9.255462712575589E21
1.4121515623353822E22
2.3112556105439668E23
7.560414323899394E23
1.897716987852639E23
3.5503601539549875E22
8.082033289112255E21
9.23799870212984E20
3.954696734871442E19
0.0
2.18791939339828864E18
8.9242599449566925E18
8.403483169006339E20
5.00165499156762E22
4.2256322768036374E23
3.5909791118668525E24
3.1292663201514505E23
1.3698771573436429E22
1.6774384800656133E21
2.0493618596296E20
2.1188374639373885E19
