0.0
0.0
0.0
0.0
0.0
0.0
0.0
0.0
0.0
0.0
0.0
0.0
0.0
0.0
0.0
0.0
0.0
0.0
0.0
0.0
0.0
0.0
0.0
0.0
0.0
2.074453296043239E10
1.3539804544409761E11
3.234414291588915E12
8.128806381280519E13
3.16087306327696E14
7.817871836400976E14
7.366836716671795E13
1.1386428045016754E13
1.3989721518039248E12
1.2419867782419785E11
3.4066975278401077E10
0.0
1.2486894115200166E11
7.811784604417355E11
5.271711317911093E12
2.6517020308703348E13
2.00706361982328E14
3.9145417600607944E14
8.123119088800553E13
5.827939163903513E12
5.955829558306929E11
2.324217320121938E11
3.4502645680300285E10
0.0
6.542741705180981E10
3.1385266261896277E11
2.0131246869571023E12
1.0421871235575375E13
6.045342364486491E13
1.2847955100969045E14
2.3209628793972043E13
3.5530646305901807E12
8.384789979028533E11
3.1260515472051746E11
4.416812674070985E10
0.0
4.026526172918013E10
4.2368711794555524E11
2.35643726755755E12
3.108076717428635E12
1.6205414617040365E13
3.0158805081543867E13
1.0943359996196266E13
1.9823801900701328E12
6.110545745478325E11
1.7237309053693323E11
4.674885022399314E10
0.0
4.955529620275354E10
2.3500807549960413E11
2.398236465234284E12
8.587324844748501E12
2.7664574634414414E13
0.0
1.5781777987876404E13
5.840065364439868E12
1.761689332076966E12
9.235703590703695E11
1.820626012120141E11
0.0
3.988150059252108E11
2.3968487102552207E12
9.71531866493271E12
3.918178075561436E13
1.108033841865971E14
8.48268355177734E14
1.248122776166348E14
3.1196079346253055E13
1.1571766359523621E13
3.225253263821408E12
5.561065960329453E11
0.0
1.5955915136639429E12
6.348863088706724E12
5.015830537727662E13
1.2444667155974478E14
5.781506547180038E14
1.229852829672578E15
4.2302672112768506E14
1.4819005647076328E14
3.3980792827403562E13
1.6757438971105588E13
2.7543024141544487E12
0.0
1.0864718073863844E13
2.3295593788491277E13
5.583837567390982E13
2.6626291322755206E14
6.917209786320644E14
2.627032715455182E15
1.4034291770311645E15
6.911808194763598E14
1.1076372808547484E14
1.973611497677126E13
1.7736379290814496E13
0.0
1.951378644388649E12
1.9471223964106555E13
2.1696759400975403E14
1.536046441956552E15
6.62227955386319E15
2.892691890825436E16
1.2306106552076394E16
6.183763018805322E14
3.18939498614588E14
6.895020702274805E13
1.2703247291676676E13
0.0
5.719387849254504E12
3.229931990763114E13
1.3212531914562516E14
1.633196238729438E15
2.9714099702854004E16
1.51252462008460224E17
2.9751819771747256E16
4.882924655648064E15
4.505710465144984E14
2.8001262751750984E13
1.0948718518179028E12
0.0
0.0
0.0
0.0
0.0
0.0
3.8215126154895345E15
0.0
0.0
0.0
0.0
0.0
0.0
3.930873785111783E10
1.2921095736981473E11
1.4651767927424797E12
2.657545423544465E13
1.7250307581235444E14
9.715580825266932E14
7.240792781303216E13
3.2734050746484756E12
2.5464942732873523E11
7.0874506680218E10
6.6302125573091545E9
0.0
9.410534801398248E10
2.200588473140559E11
1.4084465828844983E12
7.111556560905793E12
9.345613499784388E13
2.2325535643570025E14
5.340147216849708E13
3.94332878809054E12
4.707672865857564E11
1.3532373154161703E11
2.543317029491075E10
0.0
2.875697834236688E10
2.9326180738928595E11
1.6901537062658455E12
4.2578978551028203E12
2.0261390141798094E13
3.889626097892479E13
1.3490505958252781E13
3.030315131076252E12
5.3253135394630273E11
1.5793542456048114E11
4.0260315896681404E10
0.0
5.6254648463041725E10
5.583589410005103E11
1.8729084986482114E12
8.291457800671271E12
2.7361596866373445E13
1.1423738894639203E13
3.245983797492928E13
5.35739832438494E12
1.6626807107844675E12
5.533260476835708E11
2.261404193936234E11
0.0
2.460613011304836E11
2.1516495365049817E12
3.930685227753963E12
4.848305044035711E13
7.210240063581636E13
8.590700604550321E12
1.25444214755007E14
2.5524544270915027E13
1.0421014529737922E13
2.888455152483474E12
5.243647505228247E11
0.0
1.4781380578045662E12
1.0822976476138133E13
2.5782804799091547E13
1.3961684839443505E14
3.932055784558588E14
0.0
3.8648414662262875E14
1.6972365948070525E14
3.1577300956074062E13
1.198956227160691E13
2.8266650672065605E12
0.0
7.0271703787990625E12
2.086297056251176E13
4.154299109878808E13
2.4361879194901712E14
2.0622267874142058E15
2.8401292487480585E15
1.1680476272101735E15
5.790893499336072E14
8.699653291314294E13
4.927021210963677E13
1.4207579297632807E13
0.0
1.159654106142074E13
9.128052698888853E13
2.45974908501473E14
6.474566017321039E14
6.78297896795249E15
9.218423656437928E15
3.8363579818702545E15
2.1564245292511788E15
2.300381211721986E14
3.0719077911095836E13
2.1164417179587227E13
0.0
1.4512764009407969E13
6.528204210400901E13
3.9061651397320525E14
1.784792312163141E15
1.7205917661680442E16
6.0974115071851976E16
2.0339050831173388E16
2.95499222654353E15
7.791603473507966E14
8.924591633436005E13
6.723627314840246E12
0.0
2.953152227816049E12
5.264973163148361E13
1.4166804387438758E15
6.139015485096733E15
7.75199134264576E16
1.5549882004641856E17
5.418751513474436E16
8.864478456190029E15
4.09648039029132E14
9.138925363059965E12
1.0073385664528262E12
0.0
0.0
0.0
0.0
0.0
0.0
0.0
0.0
0.0
0.0
0.0
0.0
0.0
0.0
0.0
0.0
0.0
0.0
0.0
0.0
0.0
0.0
0.0
0.0
0.0
0.0
1.373420114561768E10
1.9880846657422406E11
4.246704200055042E12
1.0665552513289077E14
4.781025114548424E14
3.622886806318361E14
4.099334483057192E13
8.467068540842903E12
4.049549252051885E11
1.0251353102720325E11
0.0
0.0
1.2827758020545512E11
4.8405048167557104E11
5.424446467374293E12
3.674396268791607E13
1.7026955415126706E14
2.0557858661221478E14
4.564799477834859E13
3.7021317838470547E12
6.037983445387754E11
1.0315012535247443E11
0.0
0.0
1.0004921066144136E11
2.89370723526273E11
1.9771636106435034E12
1.5959956492831852E13
7.039501365621142E13
1.1705257721681089E14
1.705275690438612E13
3.117356704013915E12
8.438534493490771E11
2.268018027679403E11
0.0
0.0
3.516821357841527E10
5.1000711288454016E11
1.6288963363119978E12
4.691478420218803E12
8.123295321501438E12
3.673877379617216E13
8.935370394629293E12
1.625060646673163E12
5.290037827529354E11
2.0918281574211838E11
0.0
0.0
8.301746529804016E10
6.082029907280116E11
3.0093395443731973E12
1.93019632074256E13
1.6886154790163607E13
9.166831295704133E12
1.736800811344333E13
4.3658074766934346E12
2.4412908185606455E12
9.194514488284058E11
0.0
0.0
6.172869417846031E11
2.6063677537680254E12
4.991821709388278E12
4.191229197525018E13
0.0
1.529326562228697E14
4.702382372538492E13
3.274704249793438E13
9.387942190526729E12
2.6348319288996978E12
0.0
0.0
1.6840762778587375E12
5.659392508332538E12
4.022385998387236E13
1.451653565613519E14
6.479204162154705E14
8.243942430003385E14
3.6231330034422375E14
1.309907618616314E14
3.7925501800734734E13
6.917380584362385E12
0.0
0.0
5.190378777051623E12
1.4435638337295643E13
6.574122398681486E13
3.020946781244812E14
1.341374239137954E15
2.706246689013287E15
7.09536407716701E14
4.406251400481298E14
1.2011847392446192E14
4.213591144523054E13
0.0
0.0
6.671435794602674E12
5.803959209297495E13
2.7682936075710956E14
2.0139342602375875E15
8.041580189706318E15
2.7792155643098388E16
6.358793658851955E15
1.2534727803806458E15
2.3558822513862022E14
7.679751074055616E13
0.0
0.0
6.863339052986633E12
6.880887121863083E13
3.683370071825891E14
2.9631866485439995E15
3.1470128231041264E16
6.0293045726219216E16
2.5739587257501828E16
3.9932367315989385E15
3.037540444001166E14
1.9345732552651727E13
0.0
0.0
1.7169043954319243E12
4.926126460252283E13
1.1546473874983372E15
2.3204717096077264E16
1.83904013254900768E17
1.36652768436611296E17
2.8443988228974048E16
1.340919014600554E15
1.2173131051866869E14
1.3188621100250504E13
0.0
0.0
0.0
0.0
0.0
0.0
0.0
0.0
0.0
0.0
0.0
0.0
1.7927163463358185E10
1.1903577305995123E11
1.107168001767794E12
1.496408551548403E13
1.8947052261673847E14
4.7425740879826856E14
2.69795238612933E14
2.0426608468500902E13
2.0272292796375771E12
7.62439957974317E10
1.4503737206484415E10
0.0
9.300549902515884E10
4.156178979461496E11
2.742580538404285E12
1.5079206242872553E13
7.541600593202952E13
2.867487919311702E14
1.083919178752128E14
1.2054706458398854E13
9.321450891099076E11
1.417404941415236E11
2.3408322455132126E10
0.0
6.384889590512303E10
4.235108411514662E11
1.2792401082099866E12
9.808484818266324E12
4.912462696530458E13
1.3261161543753856E14
6.150249047647419E13
8.458676500343064E12
1.0653605400565173E12
3.8632944821248737E11
5.669616284251527E10
0.0
3.1573726264900726E10
2.2591919656253583E11
1.8095375464445479E12
6.299701689660936E12
1.811158066547276E13
2.555737444246323E13
1.277996556038372E13
2.9737661481541426E12
5.933749728308457E11
2.1061302799061594E11
7.014159562956285E10
0.0
1.1091050287512479E11
4.134431073135765E11
1.715398319857375E12
9.931371181745852E12
2.1110206291735973E13
9.823238526934396E12
2.3742875584215453E13
4.802083392710805E12
2.886129009058926E12
5.956821917234152E11
3.166950549273447E11
0.0
1.8830147476798016E11
3.165496935829348E12
8.536567375110269E12
1.59492261668493E13
1.2146420311362336E14
1.3783711241513125E14
0.0
3.77264318012125E13
1.124865621102282E13
4.561662587618536E12
6.392525792764746E11
0.0
1.7927587142640562E12
4.930946609280955E12
3.346991486088419E13
1.4918602039870012E14
5.124734899356813E14
5.816892831628131E14
3.9019822841400256E14
7.78579437329839E13
3.06033142569756E13
1.3216680703012049E13
1.649832459028597E12
0.0
7.613082616126484E12
3.139162298376143E13
7.711093494313225E13
1.6480453404111847E14
1.344591626512777E15
2.6084177340229215E15
1.0583876319365198E15
6.04014979169282E14
1.6147639905034666E14
2.502104040173562E13
8.593466838327889E12
0.0
5.030365710089347E12
2.528502993282063E13
2.4880631244757266E14
1.0207149260681232E15
5.961778275257592E15
2.6070405028651964E16
7.321325175309298E15
2.0090292493365162E15
3.3689878190894725E14
6.7439402506479234E13
2.000027372890563E13
0.0
2.231735042289753E13
7.030519347220678E13
3.476850885148301E14
1.1413505563637932E15
8.022064372545624E15
4.4946753115148728E16
4.1526576452223624E16
9.837811524412212E15
9.715019205278241E14
5.751681055794481E13
3.227322038319424E12
0.0
2.1177515887649514E12
1.522185977729331E13
2.987199566665198E14
5.956498929814646E15
4.9231935551670192E16
1.508424832885424E17
1.24249585693186736E17
1.080544782590784E16
2.865176855172096E14
1.8744860641345742E13
6.767476506289167E11
0.0
0.0
0.0
0.0
0.0
0.0
0.0
0.0
0.0
0.0
0.0
0.0
0.0
0.0
1.4038187102954826E10
2.851894881198785E11
1.1758900428554258E12
7.039082682696334E13
1.5861622310422116E14
1.330134986269227E15
7.97996287125601E13
7.411792043680238E12
4.2873777111990497E11
9.109107739076266E10
1.3688686448230417E10
0.0
8.58449405670072E10
4.086285582474619E11
3.369177580285904E12
2.798185864715025E13
1.706362834157338E14
3.9546516012210475E14
9.356175022861047E13
4.272271150215999E12
9.364892461364932E11
8.621340671668607E10
1.574053892722686E10
0.0
9.791849262958301E10
1.5953347979197406E11
1.0944942447306237E12
1.4917186491384402E13
6.836628092744301E13
1.9667673181255784E14
2.759686499311768E13
5.3820873497022295E12
7.662682950798884E11
2.5346581188498016E11
6.03394335697655E10
0.0
2.05601851919909E10
2.1468484761450403E11
1.8676572340502021E12
4.3900060211872056E12
2.16760456809597E13
3.523213025031798E13
8.91487229016286E12
3.3126318743479355E12
3.974888048315975E11
3.212789846142774E11
5.880538051991362E10
0.0
8.056752969184677E10
5.964386068426208E11
2.5974861947094697E12
1.1461013948740018E13
2.443141011957906E13
1.4555306609047955E13
4.291936448268208E13
4.410114124424003E12
1.759391980413136E12
8.652327920364595E11
1.5993708966672366E11
0.0
2.6149397536912207E11
3.180658766227447E12
7.648543015942101E12
4.106196896907313E13
1.3668186468605473E14
0.0
1.4384335750905825E14
1.9734671382548062E13
1.383651942853108E13
4.316969131269115E12
7.524389833329867E11
0.0
1.3833604704100588E12
6.413761043033593E12
4.982398677118419E13
1.704933412321673E14
5.419682008431696E14
1.1109664721534462E15
4.0898161484596475E14
1.5840804675853716E14
2.78574745113191E13
1.28921957521544E13
2.8564644927866064E12
0.0
8.774098835148896E12
1.967676143371188E13
5.470267750919149E13
3.114469464959576E14
1.1625531095428642E15
4.288302947459887E15
9.711358990378964E14
6.017174238280568E14
5.492785490452209E13
2.767644501630107E13
8.959414479910645E12
0.0
7.993174850412899E12
5.294010630554296E13
2.1975701383545503E14
1.0239283544839718E15
5.489495685264884E15
2.3159642439718856E16
1.0166917883839998E16
1.0311966182577408E15
2.858976692110516E14
2.5595702859735094E13
1.1221798675325816E13
0.0
1.4715038657377418E13
3.842544811499169E13
3.5496888075154875E14
2.35084307424643E15
2.3887415520574516E16
6.8944064454181472E16
2.6957704121701492E16
3.010863782726106E15
1.066375802080886E15
6.126828709292743E13
1.4586331238809426E12
0.0
9.859163123023572E11
2.56205358275048E13
5.161271762576552E14
1.2114538347217084E16
7.8940992093376176E16
2.30467481588623264E17
5.499902379293476E16
6.806690327697893E15
3.609820949670376E14
1.7097815048106865E13
1.5801532299338462E12
