0.0
0.0
0.0
0.0
0.0
0.0
0.0
0.0
0.0
0.0
0.0
0.0
0.0
0.0
0.0
0.0
0.0
0.0
0.0
0.0
0.0
0.0
0.0
0.0
0.0
3.243607865216822E7
2.148250042589619E8
1.726078616736343E9
1.5188895598581947E10
1.7476836216531158E11
8.437642800768301E11
1.4063993932466754E11
3.470446822582864E10
2.2404478054430413E9
8.363180668808846E7
4013484.624909047
0.0
3.674345595710816E7
5.905113934430771E8
1.0607231178995979E9
2.393735511749643E10
9.495256193136725E10
2.5745688608207104E11
5.467181329894706E10
1.6994965128001152E10
1.0006480855644612E9
8.094375239694124E7
2.421462355913936E7
0.0
3.1361467841533583E7
4.093473403449149E8
1.5810870373014235E9
3.3121400754241776E10
5.25250773409515E10
1.0036076276121162E11
3.190165257456035E10
2.627389227701136E9
3.753550757939169E8
4.943249049777696E7
1.6354660438115261E7
0.0
1.5524320978985796E7
1.499466271951374E8
1.1808487449666111E9
5.818797429587658E9
1.0429217615558022E10
1.940454862944788E10
1.0185770320501715E10
1.7345779701068776E9
3.2768674125036097E8
1.0337167602768975E8
1.5857041284589972E7
0.0
1.3120530388771707E7
2.0044718461493754E8
3.5404758326704323E8
2.661135026445454E9
8.234143150284756E9
0.0
7.271102871636622E9
1.1523970788373814E9
2.135422149894114E8
5.9084150507283404E7
1.4154442455746133E7
0.0
5.412053337717342E7
1.0374520370557413E9
3.923446995616893E9
8.901361170937706E9
2.2971155482276222E10
1.0458471189597185E11
3.0569439060433353E10
3.232865607127932E9
2.1246030268373756E9
8.566419563242404E7
4.317273022055016E7
0.0
2.1793229870434874E8
3.2758583762635303E9
1.267566167867828E10
3.009182925569262E10
7.069310516311932E10
8.954835698925153E10
5.573386379397495E10
2.3462687669889275E10
4.0374220086520853E9
1.4026307412415922E8
1.6613271899565873E8
0.0
1.661299856002257E8
1.0078243998160256E9
1.209704561681954E10
3.825062326341475E10
3.118212031860162E11
9.201412080660178E11
4.076057603129396E11
3.0854811806873267E11
3.832930783507718E10
3.292139829035419E9
3.014582452469549E8
0.0
7.58690845925395E8
3.9044936922429533E9
2.111349751233342E10
1.894219434739072E11
1.585310173583536E12
5.23639151710457E12
2.9004762808945728E12
6.994744924220887E11
4.485065312892089E10
6.088552308511066E9
4.814236133087964E8
0.0
2.1208029437827092E8
4.766999058518597E9
3.736603549026485E10
4.156889463773193E11
8.612503697878945E12
3.841656046376394E13
6.42110529645229E12
4.578996249045863E11
3.117873701427699E11
1.5957812944248158E10
1.85217427670109E8
0.0
0.0
0.0
0.0
0.0
0.0
4.478948033306711E12
0.0
0.0
0.0
0.0
0.0
0.0
2.7278076179591306E7
2.606141491192041E8
1.3817193230765524E9
6.696444101868897E9
1.796014675348886E11
8.706564765405271E11
1.2098894230827608E11
1.1585811198107481E10
6.587374561079361E8
5.2414951728813946E7
1.1462683695323924E7
0.0
2.5770093975801468E7
3.6221201407828534E8
6.17958783980336E8
2.418878256947127E10
6.3133637790588684E10
1.5634340567929208E11
3.1496775064586243E10
2.919758438412789E9
3.2391795212091786E8
3.393183234673048E7
8897716.708095193
0.0
1.4216287974830622E7
1.2280516452405474E8
6.781424577781574E8
8.357779525050952E9
2.4003551237577187E10
4.407936922249253E10
1.3898480799554874E10
1.7816341658529851E9
2.9275168025896245E8
7.436006332038485E7
1.2502234413903553E7
0.0
2.3732321783377998E7
9.828704824316709E7
6.633397685180454E8
3.2212006942861958E9
8.285876855419704E9
6.701364650295595E9
9.286815939640884E9
2.4514159723413653E9
5.53387312612747E8
4.902907138254202E7
1.4137594186848726E7
0.0
1.0871582211305569E8
2.9998993663009065E8
3.148305206726982E9
8.906980699719793E9
2.1846609859416832E10
5.373395097026481E9
3.6127090489541565E10
4.532048995933777E9
1.2201573186136494E9
2.0805575281490096E8
3.1574116848842993E7
0.0
2.5669270295261684E8
5.359973767057382E9
1.4040617888012657E10
2.835609353124302E10
7.785554977550916E10
0.0
9.347164843293372E10
2.3701374212382366E10
5.2962209199214525E9
8.76038446545989E8
1.7677050340311235E8
0.0
2.0566002247972208E8
2.008084081241384E9
1.4484517793733248E10
9.890786042325136E10
2.6827196836106146E11
5.91029000140126E11
2.144386520645918E11
7.097736881343526E10
3.255304759255674E10
2.755157303646037E9
4.2779015444776785E8
0.0
6.568181689886708E8
6.000402946758894E9
2.7190262837069706E10
1.5293527715700378E11
9.196900767887345E11
2.7382079734311787E12
1.6249420124466711E12
6.452038993652085E11
1.0622576674392099E11
5.7345347620743065E9
8.651795412357919E8
0.0
6.257357851815186E8
1.0171631438543148E10
5.310567095647499E10
1.7586536527044443E11
5.184000015935572E12
8.797762478459998E12
5.898055231402135E12
1.6505071497802827E12
4.45829181078926E11
1.69841872052449E10
1.3776987484619377E9
0.0
2.102567948624825E8
1.596287098421228E10
8.952576550866843E10
8.250075373399546E11
1.234980779678612E13
3.549657448154521E13
1.1685438016062826E13
1.9074378014799373E12
1.6260688013250412E11
6.136057472844764E9
7.77553999044893E8
0.0
0.0
0.0
0.0
0.0
0.0
0.0
0.0
0.0
0.0
0.0
0.0
0.0
0.0
0.0
0.0
0.0
0.0
0.0
0.0
0.0
0.0
0.0
0.0
0.0
0.0
2.0321909357620925E7
1.462722722554489E8
1.6470053341072555E9
2.4011384125323334E10
4.86274491035061E11
5.713569345707147E11
1.4668471597365686E11
1.3484173240761219E10
1.0440495275941886E9
6.915097798183587E7
0.0
0.0
5.9080770905823395E7
3.8503034417031384E8
2.0930046686027324E9
3.8455160988612076E10
1.3645141243065628E11
4.134540075097172E11
5.8379053388616394E10
5.948962003675632E9
7.3989668625752E8
1.1871461658085561E8
0.0
0.0
6.612985679042459E7
4.407163451815363E8
2.5802264853923607E9
2.648450652316101E10
8.540244836114766E10
9.974807212911685E10
1.4533870787499367E10
2.2062683012348056E9
2.3939773233815223E8
6.110557673653683E7
0.0
0.0
8783200.604793485
1.0759725220400593E8
6.629722939080433E8
8.927984078793915E9
1.28028302840176E10
3.4159124887013226E10
1.1305163521468054E10
1.8226036265616753E9
5.34557936940957E8
5.4659476964606695E7
0.0
0.0
2.164861809950642E7
1.7065719489002597E8
4.330640267094093E8
1.494716602953626E9
4.630736828980135E9
2.0241593526174943E9
6.586797460738422E9
1.1465308854478974E9
2.2906444302255172E8
5.909714623928437E7
0.0
0.0
4.846041684973E7
1.211559756521612E9
3.194282675830123E9
6.883100353254872E9
0.0
3.9131964357393776E10
1.5455819752646652E10
5.591960506868069E9
4.440266981881523E8
1.4807119845036072E8
0.0
0.0
6.379174327338543E8
6.60083954727571E9
1.0169168396655014E10
4.180050579438324E10
7.058875081446703E10
1.0782245947987593E11
4.4949892602744545E10
1.372106577710904E10
4.0634823983352194E9
6.098108732073252E8
0.0
0.0
2.955432694181038E8
2.8045762501392655E9
1.7146120228008005E10
1.0666459873892157E11
2.1163656633609622E11
6.640242941660173E11
2.6405744375070868E11
1.8552955456887955E11
2.8623674527568523E10
1.871390503498381E9
0.0
0.0
1.2172107121555839E9
4.301480632143734E9
2.9207689128942524E10
1.9683186525538855E11
1.5844735766682534E12
4.314332482326049E12
1.1427241342857812E12
4.140450273656804E11
6.455688070144364E10
8.397369385176498E9
0.0
0.0
1.0129175070416609E9
7.666706414732139E9
7.846040341433914E10
4.835708169778045E11
9.597759767874574E12
1.162284896899435E13
3.079645481653372E12
1.2658794720462637E12
1.8232591158411893E11
1.4353021168535172E10
0.0
0.0
1.7669429860216972E8
1.3700657726014565E10
1.6901931399552594E11
2.9854729448734287E12
3.0293953227041195E13
2.996150124481059E13
1.1410689280198137E13
2.5430919384307806E11
3.0219930431330086E10
7.4771393709096575E9
0.0
0.0
0.0
0.0
0.0
0.0
0.0
0.0
0.0
0.0
0.0
0.0
1.4391575036651457E7
1.2061574966815686E8
6.003560780503664E8
8.895704950169088E9
9.633691988860687E10
4.539380213236516E11
6.185787738847065E11
4.710526627790378E10
1.4850304341437564E9
5.620494452668646E7
4337764.976030765
0.0
3.2397781966264956E7
2.4456065423861656E8
1.0006614587782555E9
4.324200901172533E9
8.5924282317342E10
3.2970769271570013E11
1.8148713890161505E11
2.3088728196533775E10
1.5484964972920585E9
1.1179409082651317E8
8730168.336787036
0.0
3.1679713061174385E7
2.634587775511855E8
1.6513556906447928E9
9.275028837263285E9
7.034123337769498E10
1.5538730991234097E11
6.622226985701713E10
6.453925612573088E9
4.608269229243926E8
3.1042070179396987E7
1.0958890328768773E7
0.0
1.0785865897472017E7
7.314935508437541E7
8.055254643038695E8
6.132912353021771E9
1.7220922265679455E10
2.8349819357005962E10
1.1016293385389248E10
3.3307795320765767E9
4.894687587578326E8
1.296969481219033E8
2.247911369536931E7
0.0
2.9579949044278022E7
8.803203474780425E7
9.236369579197037E8
2.1984553487767687E9
7.006032268670132E9
5.243988626082667E9
1.239680353128765E10
1.7178666189228795E9
2.8974677963785815E8
8.006811822262844E7
9104653.388689091
0.0
4.981091445390626E7
8.598369771194756E8
2.800881411192955E9
8.547711677710371E9
1.8525325892902203E10
2.0229193155125328E10
0.0
4.5489337124811945E9
9.202535023258525E8
1.6420155657935017E8
5.228258434972715E7
0.0
5.537450371023784E8
2.6574441789539776E9
1.745421124700578E10
3.546712586162559E10
8.548750906023073E10
8.266939092942522E10
4.592643020935163E10
1.6093673073157846E10
6.008939480800982E9
4.224383535097218E8
9.767748972098303E7
0.0
1.440600608547902E8
9.334548379938558E8
6.244482905003361E9
5.595336793864339E10
2.6180748928613766E11
3.9506630011233276E11
5.210854752174444E11
2.1625716191665576E11
4.348856878236197E10
3.632444582752201E9
5.585897958284645E8
0.0
4.029540501514648E8
8.011991177547326E9
2.5828957413033543E10
1.2871933666593637E11
1.1048282670035662E12
3.5414802041604263E12
1.995973981432291E12
7.041714127675583E11
1.4759479019178308E11
1.0355709258896881E10
7.095832648922886E8
0.0
8.54418872918527E8
7.305601090074162E9
5.5430408986885735E10
3.8001049481267346E11
2.4137428787118687E12
2.1259098001011242E13
8.098068933598784E12
1.8421216916715996E12
4.3558511848868274E11
3.146657541895161E10
1.701262715012493E9
0.0
2.2672293759667322E8
7.180289030463461E9
1.4645681902277542E11
9.373662267505793E11
6.381435019570698E12
2.552766513765034E13
2.450781324487632E13
3.355502686006619E12
8.666141597736449E10
8.77092566443705E9
4.7265599860779965E8
0.0
0.0
0.0
0.0
0.0
0.0
0.0
0.0
0.0
0.0
0.0
0.0
0.0
0.0
1.8194894617075056E7
1.631783603022975E8
9.054771430223739E8
1.1453187351349619E10
1.701132128677261E11
1.273642554638844E12
1.8881237580211746E11
2.7780385770523163E10
2.0610965399949867E8
2.0404042426058494E7
2099228.1889736094
0.0
2.476809832635372E7
2.477233985681923E8
1.6182182229721737E9
2.4917024663727634E10
1.6837830931915863E11
3.283945579172553E11
4.990524432641335E10
1.5695210828183495E10
7.46062536090726E8
1.7485813563774073E8
1.3740530110368343E7
0.0
2.723159268650862E7
4.1425783622081196E8
4.0067969290475386E8
3.3271481922803474E10
5.686359142255059E10
1.5738437069365814E11
4.4259438901134605E10
2.451960369068015E9
2.3517652792347628E8
1.181624685477669E7
3354626.2225308297
0.0
1.3562938548982855E7
8.031700033309038E7
1.3461797960844772E9
5.502521982959379E9
1.2892284572327877E10
4.348231255055568E10
9.973339002024254E9
2.3376151637026033E9
4.111921535835282E8
5.621797051614936E7
7106782.41412061
0.0
1.117768689355748E7
5.2989454030085035E7
7.612439324080249E8
2.696862430178934E9
1.0385154020333685E10
6.172931935241823E9
9.516437529182188E9
1.9270615554042468E9
5.08206400109274E8
4.9593528892895885E7
1.1253275962753987E7
0.0
5.176519376558974E7
9.923208988569832E8
1.4130398278569841E9
7.776311024251843E9
1.685495791540575E10
0.0
1.8244669717496643E10
4.107926776688466E9
1.7081295808525043E9
1.0850759138138492E8
3.884039499933459E7
0.0
5.364032554486474E8
3.278518238570183E9
1.4105512099317963E10
5.542087172998556E10
4.007522386913283E10
1.0526417107775294E11
4.726396292845373E10
3.0064104555092464E10
3.4502849148970804E9
3.9405204595512986E8
1.809634121430391E8
0.0
1.9606872682894087E8
1.4424895473530774E9
5.900777739716082E9
9.494775784470772E10
2.6854564859964392E11
1.1825865507285352E12
3.779458922130829E11
1.7512009182369427E11
3.160847535603032E10
1.0424750723546079E9
6.587753196973555E8
0.0
5.653071482412922E8
7.359298868763893E9
4.659615498810752E10
2.0290160086478864E11
8.962743272617811E11
6.113965474188031E12
2.6424644303981587E12
5.317516335633158E11
6.925629184106763E10
6.2725895903131485E9
6.6192680195481464E7
0.0
9.416365324951257E8
4.2569231617068243E9
2.352266154280255E10
3.208016670426299E11
5.084745445632875E12
2.3137343968672926E13
7.704112762625585E12
1.1330109526432786E12
2.890610440882759E11
2.780385870949066E10
9.293178863191847E8
0.0
5.958734431043356E7
3.8219059015557013E9
1.1165895201826945E11
8.228300496620013E11
1.2058290093145732E13
5.8273753240979336E13
1.5755831807354086E13
1.5505704620163767E12
1.372711407779277E10
3.76858810956003E9
2.6185309679078393E7
