0.0
0.0
0.0
0.0
0.0
0.0
0.0
0.0
0.0
0.0
0.0
0.0
0.0
0.0
0.0
0.0
0.0
0.0
0.0
0.0
0.0
0.0
0.0
0.0
0.0
3.243607865216822E7
2.6585527079324302E8
3.7440485104674516E9
3.084932705501757E10
3.144409445712477E11
1.1051559989737603E12
2.8656333700529224E11
1.1054443440137813E11
2.2404478054430413E9
1.2800391156084147E8
4013484.624909047
0.0
6.1809900952404544E7
7.146205567173182E8
1.7925696846812081E9
3.2509978897485653E10
1.3882536906267926E11
3.4760428216100024E11
1.6132260562314078E11
2.3580528639338387E10
1.5063098557768903E9
8.094375239694124E7
3.0596433101253368E7
0.0
6.495246182930973E7
5.016827667259197E8
3.1448147722615023E9
4.715869717482324E10
1.0191450287845438E11
1.3885285638009045E11
6.669205053794237E10
5.8328747948045225E9
7.180485955720087E8
6.888166742592306E7
2.198104651263168E7
0.0
2.4651976796705436E7
1.499466271951374E8
2.0336726778850985E9
1.5746516873259638E10
2.3758194907452347E10
5.430899151911387E10
2.394139971362656E10
6.176088921295285E9
8.066588808883609E8
1.5653965832080323E8
1.8180069005585756E7
0.0
4.079053852161048E7
2.789563259381124E8
3.5404758326704323E8
4.2358409771805096E9
1.1182070636293423E10
0.0
2.9525383747553284E10
2.6247021781309743E9
5.505408657144636E8
1.2273708580694082E8
2.1530808429549444E7
0.0
3.0594594250258684E8
1.564989098407156E9
6.502539524635353E9
1.2735611049997845E10
2.9588877213094498E10
2.2288484332120364E11
1.2331728600148834E11
1.0173868145323616E10
3.6244182500191755E9
1.395482520295938E8
6.192127122453894E7
0.0
1.1102195095617266E9
4.017662354211276E9
2.0609926200887745E10
5.449873344571187E10
1.1123212683633815E11
4.9969985036752545E11
1.2834074336602959E11
5.497004435916437E10
1.794410798821523E10
1.2426869551562355E9
1.9204968105697006E8
0.0
1.661299856002257E8
3.075348587390936E9
2.7283795496440453E10
7.163107814724731E10
9.432055202868391E11
1.3646084755386406E12
9.949359031829183E11
4.998265360868266E11
8.316257952032297E10
5.725152163778744E9
1.0053741433126593E9
0.0
7.58690845925395E8
3.9044936922429533E9
4.053918522935499E10
1.2306142103872932E12
4.447142678773009E12
7.950408728105717E12
5.934715085872733E12
1.2018091469708193E12
1.782298485161071E11
9.637498696594107E9
3.4522148222072077E9
0.0
2.1208029437827092E8
1.0851371734810417E10
3.736603549026485E10
6.208570910677281E11
1.377676658354526E13
6.720871244103488E13
1.373812798498654E13
1.079362021756013E12
4.305123445690709E11
7.606666254011826E10
5.970836621373202E9
0.0
0.0
0.0
0.0
0.0
0.0
6.802678767855724E12
0.0
0.0
0.0
0.0
0.0
0.0
3.947934869252573E7
2.606141491192041E8
1.565497861326385E9
1.4595542618708574E10
2.0946169772583337E11
1.5467188758849434E12
2.4290431484911493E11
1.1585811198107481E10
6.587374561079361E8
5.2414951728813946E7
1.6508054850010287E7
0.0
2.5770093975801468E7
6.943234898653406E8
6.17958783980336E8
3.2247074153048664E10
1.2114313148761838E11
1.9667057560838116E11
5.242162037470764E10
3.747491621483901E9
8.597574155013626E8
4.410623592110195E7
1.1494703669398008E7
0.0
1.8780115883690443E7
1.7066015467217427E8
9.986167628418069E8
1.618645692545889E10
3.9726929612315674E10
6.944509353340437E10
2.616392637994477E10
8.066556295100199E9
9.980787883815714E8
9.707877559037551E7
1.9471317576890904E7
0.0
3.1870366984898422E7
9.828704824316709E7
7.971427397539421E8
5.524161990921681E9
1.2081042895862078E10
1.5512550507015545E10
3.0903981647813824E10
9.43556696375156E9
1.5550671539561338E9
5.876431016100047E7
1.7092273192198046E7
0.0
3.8124401990288204E8
5.277888216800294E8
3.148305206726982E9
1.317892648673324E10
2.1846609859416832E10
1.5856718736347546E10
9.792537697207327E10
1.069693991045484E10
2.1468927662937381E9
5.274333022076453E8
5.032265785283178E7
0.0
1.3166781404803672E9
8.954433428917454E9
1.5547970737081745E10
3.3505457154223125E10
7.785554977550916E10
0.0
2.6410871884824033E11
4.954279590605974E10
1.4191248720319584E10
2.946996242757224E9
1.7677050340311235E8
0.0
4.369623456565263E8
5.292598509728597E9
2.540169042592797E10
1.2116149701247307E11
4.6498981219505835E11
1.40050874270179E12
6.021604212622571E11
3.069730613536376E11
9.929365391895471E10
8.990877362297256E9
1.028303028286881E9
0.0
9.973277939844322E8
9.29359501677067E9
7.408138120813536E10
2.562092798809884E11
2.839721050410953E12
3.4860177841001787E12
3.928332003227761E12
1.1665299563716846E12
2.671743468368349E11
1.751448343944141E10
3.2668742198887577E9
0.0
9.362238314596704E8
1.3213817776689058E10
5.310567095647499E10
1.3107560657054392E12
9.985012674923074E12
1.773365006256455E13
1.346417220257813E13
2.5971243750498374E12
1.2832670144958274E12
5.0913037624317474E10
6.421120752400872E9
0.0
2.102567948624825E8
3.681910800420639E10
1.408902971496155E11
1.50112849983269E12
1.803732365383874E13
6.183548698610295E13
1.872878410076529E13
5.551639700123543E12
1.9415461800765735E11
2.3295153567951702E10
2.6119402078076506E9
0.0
0.0
0.0
0.0
0.0
0.0
0.0
0.0
0.0
0.0
0.0
0.0
0.0
0.0
0.0
0.0
0.0
0.0
0.0
0.0
0.0
0.0
0.0
0.0
0.0
0.0
4.299537292891453E7
1.7178740552258947E8
3.536374567668221E9
6.372641781280734E10
7.130730185564681E11
1.2345257488911091E12
3.2868358180742456E11
1.3484173240761219E10
2.190204252958892E9
1.135230828545889E8
0.0
0.0
5.9080770905823395E7
5.516676193926308E8
2.2767832068525653E9
5.127510128700394E10
2.4187975625406808E11
5.864305154481965E11
5.8379053388616394E10
5.948962003675632E9
7.3989668625752E8
1.501602256968002E8
0.0
0.0
7.732685478634998E7
5.1089896198394E8
5.576202665185676E9
4.307252632355304E10
1.0986464537965729E11
1.3440890141464117E11
1.4533870787499367E10
4.478573520086016E9
6.127884078765712E8
8.145438388527977E7
0.0
0.0
1.645587605473926E7
3.050203469422345E8
2.4880187195043178E9
1.0589751316371864E10
2.2938903770767044E10
4.8591036117720055E10
3.0976907450427963E10
7.118640388978746E9
9.630435908866286E8
8.067026703294939E7
0.0
0.0
5.827959490610852E7
2.491663362132008E8
9.682759116529962E8
3.5735658255933857E9
1.028286470737294E10
1.0694036534492926E10
3.622931449614287E10
5.670937294362305E9
4.0609217089402664E8
8.678077733886248E7
0.0
0.0
2.3025710289817837E8
1.8514487313133216E9
4.451797692296635E9
8.307082282259356E9
0.0
8.536499808622128E10
5.800967621329691E10
1.1647022772116716E10
6.816850196800452E8
3.430282125798004E8
0.0
0.0
1.6884274530203772E9
9.969324197346031E9
1.5664879820477703E10
6.208610296534429E10
1.6973858599053534E11
2.7208953348502094E11
1.1312729120657321E11
6.211478009977708E10
1.501224023724284E10
9.285913439351559E8
0.0
0.0
6.711753304707216E8
3.860207273580595E9
3.0914200775066032E10
1.4170624382395166E11
5.891807821953734E11
1.0608186862084915E12
4.400847283232152E11
2.930994697111563E11
5.182311092486674E10
6.737415172985029E9
0.0
0.0
1.5577203371513453E9
5.399211322147659E9
8.210604958480733E10
9.344389893393286E11
3.494429076381738E12
6.178710662224738E12
2.5599101527822256E12
6.605514667280273E11
1.3323392674840872E11
1.4689983203020893E10
0.0
0.0
1.9342571282892766E9
7.666706414732139E9
2.4719012848920544E11
3.6534370596741416E12
2.2413063421035996E13
3.7366460171106125E13
6.566124227654111E12
2.6627223611704165E12
4.637571584129099E11
5.3918356866737366E10
0.0
0.0
1.0515564954493271E9
2.210806512917277E10
2.7458948072629324E11
3.7991059098685425E12
4.620462645642981E13
4.283018974351935E13
1.5878819733838031E13
2.5430919384307806E11
4.85167050754656E10
8.921222269112337E9
0.0
0.0
0.0
0.0
0.0
0.0
0.0
0.0
0.0
0.0
0.0
0.0
2.0602137511401597E7
1.71646016202438E8
6.003560780503664E8
3.76303771941561E10
2.1526556062281033E11
1.1116475568140115E12
1.2986750402411396E12
8.710792436959448E10
2.0581077968261082E9
1.6930494218619245E8
1.2101412461578818E7
0.0
7.641563368673047E7
4.0338734158531564E8
1.5519970735277534E9
1.3492359201127365E10
1.3163216575886429E11
3.728859588382945E11
3.6713955160759875E11
4.863156757473157E10
2.0541582675044875E9
1.4323969994245777E8
8730168.336787036
0.0
3.1679713061174385E7
3.833468022542107E8
2.820894700071182E9
2.3691812780224556E10
1.0373254856984717E11
2.3565088614182764E11
9.68031853434833E10
8.726230831424297E9
9.000934145036609E8
7.48251263732664E7
2.0047087668409582E7
0.0
1.7003560979643926E7
1.0738418726728988E8
2.049448809883069E9
1.0864106360182945E10
1.9733906381146935E10
3.734551569209257E10
2.110641971643319E10
1.0332186260067263E10
1.2163044818791022E9
1.55707738190246E8
2.247911369536931E7
0.0
3.5753451971879944E7
1.2728660540939167E8
9.236369579197037E8
2.57700202846486E9
7.934513187645348E9
1.3112250936612436E10
2.728629335892467E10
9.37039654943709E9
7.258848707719121E8
1.4362124659560817E8
1.5304465040760333E7
0.0
2.5541179948711962E8
1.8744984776335468E9
2.800881411192955E9
1.2163113602793856E10
2.8451908489129616E10
2.6846914891043602E10
0.0
1.281201814187228E10
2.9321744029917183E9
3.052745143116201E8
5.979533069435942E7
0.0
1.067384957219615E9
8.895478274703346E9
2.427862319701018E10
4.482007355254387E10
1.3607731428500378E11
2.8635298812965875E11
1.4568237685286148E11
6.133194122989146E10
2.7630379054651344E10
2.3739292139030356E9
2.7352327048213995E8
0.0
3.573515552859872E8
2.254476384847828E9
2.0012563452061386E10
1.0212183131828433E11
3.008943175496089E11
1.5854494762397544E12
7.934266465718059E11
3.026723582235942E11
8.832184046760776E10
7.738528214588711E9
1.2386367660162587E9
0.0
4.029540501514648E8
9.109721867551252E9
2.5828957413033543E10
6.377736344540923E11
4.676095493897733E12
7.184932339169979E12
5.012381725083778E12
1.2750710167355276E12
2.873145193175799E11
1.0355709258896881E10
7.095832648922886E8
0.0
1.7757584941661427E9
1.5059372192005358E10
7.158085501637436E10
1.0438994607302119E12
9.855616873458186E12
3.0194985585115793E13
1.7325003609578268E13
2.8562175171822876E12
7.264953003483124E11
1.2957027494863799E11
6.134681319338682E9
0.0
5.3188522134137034E8
1.3404703838881416E10
1.978213506637225E11
1.5466376963286519E12
9.527293509672486E12
4.534569765012825E13
3.896609158385222E13
5.669602620317617E12
1.2073205955907661E11
1.0832885630094337E10
1.1695863682087343E9
0.0
0.0
0.0
0.0
0.0
0.0
0.0
0.0
0.0
0.0
0.0
0.0
0.0
0.0
3.5742188877472E7
1.631783603022975E8
4.353526004587685E9
4.814232315247731E10
3.8879015884192346E11
2.377872234726673E12
3.1045310376353674E11
5.1717392048614845E10
2.0610965399949867E8
1.0914825217156452E8
6923959.160293638
0.0
2.476809832635372E7
3.058726862675039E8
1.6182182229721737E9
3.77369649621195E10
2.4578149926183594E11
4.1854195399618445E11
1.7549076948767273E11
2.3398355486180466E10
7.46062536090726E8
1.7485813563774073E8
2.0122339652482353E7
0.0
4.962558867835938E7
4.1425783622081196E8
1.0489761240111167E9
4.4319275924882904E10
8.885981211325195E10
2.1759918791647903E11
8.093977345497272E10
4.618818422738162E9
5.778700477015681E8
1.181624685477669E7
5951613.183833646
0.0
2.8908289448874403E7
1.9664165484703887E8
1.6666541011481266E9
8.727059228992481E9
2.5501814497003693E10
4.875569871200834E10
2.7222473441428246E10
5.085942344616535E9
1.707395479504558E9
5.621797051614936E7
7106782.41412061
0.0
2.6312158494922727E7
9.224402469167244E7
1.0288498748798183E9
4.42451213346056E9
1.3251839141800842E10
8.003595196380207E9
2.830172729372415E10
4.768714194115415E9
1.1386466790530288E9
8.24341580733028E7
1.4941458949655643E7
0.0
1.8075731342756766E8
9.923208988569832E8
1.4130398278569841E9
1.4020828853367638E10
2.0163818780814888E10
0.0
8.099164714295947E10
7.386257733451502E9
2.595145982674679E9
4.445375632430945E8
3.884039499933459E7
0.0
1.5963886929763978E9
6.582940392555068E9
2.2039776621527428E10
6.571959897594576E10
1.8677381397762393E11
1.899045251484344E11
1.8712943271158917E11
6.2798369691728966E10
8.330060652646929E9
2.430776643768402E9
2.9935880834477144E8
0.0
4.8440858712904096E8
4.565644758369318E9
1.966885828677411E10
1.617086676123728E11
7.139436663645098E11
2.53701644115688E12
5.759740780590549E11
3.754097743585323E11
9.217809414135097E10
6.36506487156278E9
1.3905238019984453E9
0.0
9.058167732370536E8
9.554760248771744E9
7.920973196541705E10
9.12667803234464E11
1.7108313123507144E12
8.726515449863787E12
4.644955762361623E12
6.018981874289279E11
4.713300884284548E11
6.2725895903131485E9
6.905169662738694E8
0.0
1.4523669312341523E9
1.4366486645530664E10
5.814057117271005E10
1.166006663941642E12
1.4146509325243764E13
3.0777153462924086E13
1.7112524203884121E13
2.0200596241168403E12
4.972315950918734E11
6.3011240426539444E10
3.747306618547488E9
0.0
5.958734431043356E7
3.8219059015557013E9
2.2875558575313425E11
1.094041037993706E12
2.3329916382814555E13
1.0879625475798331E14
2.4072541694960945E13
3.1898205576393076E12
1.372711407779277E10
6.497018051044238E9
1.1636411488409014E9
