0.0
0.0
0.0
0.0
0.0
0.0
0.0
0.0
0.0
0.0
0.0
0.0
0.0
0.0
0.0
0.0
0.0
0.0
0.0
0.0
0.0
0.0
0.0
0.0
0.0
1928079.9895392577
2.4436776680854753E7
8.716485433882943E7
1.0775449607074018E9
5.3408530700502E9
2.9911940738928734E10
7.528101275276361E9
4.167808606272011E8
8.273952981352638E7
1.9188556932495467E7
1704871.9242479876
0.0
2958123.9724603137
5.0628009842588544E7
2.6459932898994356E8
7.917464260085179E8
2.4394495105603137E9
6.533574141994493E9
2.7599037265814776E9
6.001663871998059E8
4.6231827355110504E7
1.4267543722765641E7
1606063.203622578
0.0
3196654.2556270203
1.9806680382595878E7
1.1462441641555E8
3.651747194477328E8
8.52371977765346E8
1.7339957847069564E9
9.558109815719626E8
2.901507911755606E8
6.421520619200855E7
3293615.3255503937
3248895.402818084
0.0
2042902.0249999098
7976875.854736157
4.517892178376245E7
2.1892431119837752E8
3.7887082205901164E8
4.0347593194660556E8
3.52787714236156E8
1.7138523768774518E8
4.3196822667183675E7
1.4554715355970996E7
1878474.773767286
0.0
1311239.070047688
6599031.182645781
2.2619245910398442E7
8.002562457544458E7
1.85170356744605E8
0.0
3.231361126520016E8
1.9463370764000773E8
2.8984281345815673E7
1.402333299110378E7
2853715.3378231796
0.0
4818638.504052011
2.2838915350158E7
6.2095066015959404E7
1.9750262686763167E8
1.224526387576227E9
1.1692231124485298E10
2.5941814969123363E9
7.274741505300786E8
1.4014847620018595E8
2.3134352339729242E7
6978222.972411773
0.0
1.1940879231976196E7
1.0282063019024147E8
2.932092545674045E8
1.0140012567605152E9
4.0994319879973326E9
1.8620977666686092E10
1.4552125303824795E10
3.4793021492927947E9
3.78192538281878E8
9.631240999470685E7
2.485455114446955E7
0.0
3.0473220422361575E7
1.9490125236205363E8
1.2422309588872478E9
5.794905208402837E9
2.5159661015639717E10
1.1043348936115811E11
4.299020887131586E10
1.3532836850273306E10
1.3830269423683584E9
2.0086678123925686E8
3.286440908928623E7
0.0
1.0671100361232899E8
1.0393163662106197E9
4.684789422736672E9
3.891863064280034E10
1.8387846173745715E11
9.441942097079786E11
1.709610614775492E11
8.813044860478183E10
1.1536077237903438E9
6.320145173033807E8
1.102995706677525E8
0.0
7.337827886542393E7
5.204838589166756E8
1.075795342125313E10
7.482062048264873E10
3.874089392114276E11
3.351816562008825E12
1.4511419928190046E12
1.718243066660602E11
2.8651602382376534E10
1.3287863052352242E9
2.4989871377287038E7
0.0
0.0
0.0
0.0
0.0
0.0
1.1879971537867117E11
0.0
0.0
0.0
0.0
0.0
0.0
2674921.6428500274
3.526370559266495E7
1.8226360168469176E8
7.02752406748719E8
3.2813834013425827E9
2.1523631508881504E10
2.982681742321039E9
3.398522709837084E8
1.53755989943958E7
8091561.553941578
1672323.7809754154
0.0
2682977.0355264503
1.5664461500906302E7
1.2794787093533936E8
5.413447380300685E8
1.5501308862828553E9
2.5079693808479457E9
1.327931320003918E9
1.9634119582414573E8
5.01520435197501E7
6227172.164412908
1101727.7245105673
0.0
1647950.8558284657
1.0518777556015411E7
5.142649933261486E7
1.294350351565176E8
3.823552617814406E8
8.9313352091169E8
5.1642853833262426E8
1.0714923800039499E8
3.309665753172413E7
5795352.451228277
2044034.999973645
0.0
736348.6814882504
7989535.3822410265
2.3859348391640954E7
7.847786008989441E7
1.9609405438862368E8
2.2292871256435966E8
4.3383458521333045E8
2.419327836170635E8
3.656016348149928E7
1.4722846122400302E7
2325683.812930869
0.0
5848329.751537646
1.2398596444077257E7
5.939587162295626E7
1.4214359420224184E8
5.334871450986265E8
1.486002254327428E8
1.66220922511568E9
6.038234718140454E8
8.335032451832224E7
1.9799383908690967E7
6721567.166142584
0.0
1.3137178685550854E7
5.969295466663675E7
2.85617542795871E8
1.0167239020225455E9
3.0986128962926383E9
0.0
9.52570996461315E9
1.9706566711219578E9
4.9764137198854256E8
7.527866979071456E7
2.7526479044135E7
0.0
2.9312371546892136E7
4.2671440832792056E8
8.064949735472448E8
6.655586132797913E9
2.358786676171804E10
4.902411712490173E10
2.9002949024425724E10
3.527844571906489E10
2.0844565301917133E9
2.415180715135026E8
7.043346062288946E7
0.0
1.1404840454188521E8
8.965747903923681E8
5.743136833942711E9
3.1593267799608208E10
1.417992993458231E11
2.7947414174705634E11
1.3400419334035045E11
1.5816104829264117E11
3.5613634357628717E9
4.9467209058331573E8
1.3579868927432036E8
0.0
1.5621048315967214E8
2.0798805820195298E9
2.8982431771276E10
4.624145385619993E10
4.622296038027197E11
1.4448735195767124E12
6.420198367167662E11
3.642648555707307E11
3.279623324024893E10
1.421317721101213E9
1.0069462906531101E8
0.0
4.7256632764950655E7
3.2852784182490623E8
3.484795256094848E10
1.7897153646586096E11
7.302944159831115E11
3.715138362872531E12
1.9337375098473555E12
2.0706426287283844E11
1.5797535198997425E10
1.3061478595843403E9
5.582049208678274E7
0.0
0.0
0.0
0.0
0.0
0.0
0.0
0.0
0.0
0.0
0.0
0.0
0.0
0.0
0.0
0.0
0.0
0.0
0.0
0.0
0.0
0.0
0.0
0.0
0.0
0.0
1889317.50222928
1.6615049724721456E7
1.1513073530291438E8
1.4737006998431668E9
1.4906055915165634E10
2.3473084657030373E10
2.433346926362972E9
2.359987779810399E8
5.831462215424267E7
4762556.150329795
0.0
0.0
4563439.262825111
6.4879946916483976E7
2.2558859416384783E8
8.610420280235187E8
3.2732104822551036E9
6.88393485383765E9
2.068991894279715E9
2.642559057558145E8
5.852718530382593E7
1.4733428859284114E7
0.0
0.0
2292112.143768506
1.754325353138347E7
1.0370968826341663E8
3.767002558506822E8
9.389729341713665E8
2.4875834428875065E9
8.400408103943254E8
2.2951921625757882E8
2.8355106424280815E7
1.1065544544842303E7
0.0
0.0
3724401.9759950005
1.6546263471303944E7
4.0438931907305546E7
9.386771681941019E7
3.726801199777529E8
9.289382872887889E8
3.924177250997869E8
1.3186724571565151E8
4.4571428514698826E7
1.1705160590011299E7
0.0
0.0
1370941.815026274
7848727.929387618
2.7180729513452172E7
7.97792603122427E7
1.7751141936165312E8
1.4291003126025888E8
7.706118642207476E8
1.502109804134899E8
4.767548072459031E7
1.0324881362225931E7
0.0
0.0
7117897.002219596
1.640680022009599E7
9.392632457670785E7
2.288109895274927E8
0.0
2.4465883904535265E9
2.076901463902218E9
7.300155159197166E8
1.2712799241906832E8
1.5929589383763164E7
0.0
0.0
7514490.686057592
7.46572054026705E7
2.1664513907570732E8
1.3831500509052331E9
9.946530523017017E9
1.541462875246177E10
7.455033926097387E9
2.8557070064788375E9
6.326661179994202E8
1.1879555008834496E8
0.0
0.0
3.7495668368611686E7
3.187434123923907E8
1.0490327333218458E9
9.249745283876972E9
3.062648563869817E10
3.794919679980511E10
3.4046841256380157E10
1.4832841799536617E10
1.6876864613742528E9
2.1541643923180458E8
0.0
0.0
7.093622201479943E7
7.333219982105879E8
6.4715070066707E9
1.777055417375231E10
1.411945059667881E11
5.25308457185278E11
2.51075263984352E11
4.283997651429558E10
3.0622953901517315E9
7.696571163876492E8
0.0
0.0
1.34322153073435E8
1.6928606624529324E9
3.2546128623389786E10
9.344996917962074E10
8.390873846552744E11
1.9646666539065532E12
1.0285114965629913E12
2.356652228819933E11
1.969468864973292E10
1.0726830694291167E9
0.0
0.0
1.3694136504637873E7
1.1376293724522648E9
3.805904591611935E10
4.568291565317279E11
4.555496103335511E12
4.0424506522019644E12
7.741953276063231E11
8.215827748380699E10
8.936609314013876E9
3.240939934466963E8
0.0
0.0
0.0
0.0
0.0
0.0
0.0
0.0
0.0
0.0
0.0
0.0
1568766.9904320727
1.6172226504232926E7
8.917467217983669E7
3.04223236988817E8
2.0353152991153035E9
1.0838302499401314E10
1.8210366033442265E10
7.242229435780015E8
8.924566654494554E7
1.5082341346039867E7
791622.7026356912
0.0
2300216.372771343
3.3403528448141538E7
2.2230817292494917E8
6.264850044049538E8
1.8221812970745327E9
5.447583434021073E9
3.2457054509530563E9
4.5439518299032843E8
4.7328699753202975E7
1.0719310981234314E7
2996891.3487393055
0.0
2874848.816617761
1.2848794762785815E7
6.4025713524144754E7
2.940302004128422E8
6.808494083214393E8
2.250707899825273E9
1.1026104112347503E9
3.60834026177786E8
7.285777246174376E7
6856295.812925703
4015020.794888371
0.0
2460358.734232378
1.2000760176949954E7
4.035548211919129E7
1.2034419577179433E8
2.5331853160480735E8
8.209087265874802E8
5.219160456290397E8
1.9893293469460404E8
4.1792029372232944E7
1.7892145943332627E7
3310421.928844053
0.0
1422314.704261866
3687009.9072582303
1.861944381684917E7
6.952813308836651E7
1.7863353371428525E8
1.4635997552237335E8
6.148126337708802E8
2.3584012146715418E8
5.190663738972196E7
1.068493747613836E7
1634699.3585984309
0.0
4501385.298191844
1.8689107462424096E7
7.822510779763637E7
3.225696461956229E8
8.73235640243253E8
5.1721958742735136E8
0.0
7.23123150768112E8
2.4229274677349347E8
2.234740460735841E7
7383284.459017446
0.0
9674388.964340268
6.732919588612446E7
1.8127324155468136E8
1.261139238650261E9
4.637112740962905E9
1.0631630448843443E10
1.3241608629165028E10
5.999066968053259E9
5.705063728807042E8
1.3838606925182894E8
3.024379786306095E7
0.0
2.6110867024536833E7
2.2243639701702625E8
1.3034720804339116E9
2.5474945796191463E9
2.0575076741556908E10
4.664951088121756E10
3.357486075183223E10
2.7323532348812027E10
6.47298431870924E8
1.864968962860713E8
3.9047815745131895E7
0.0
7.484806195878206E7
5.1790838729992366E8
5.135228894330185E9
2.911662062506318E10
1.5431700600862088E11
5.88080021324243E11
2.0527755305985992E11
1.620637280235241E11
9.985462426605766E9
6.016347784425385E8
1.692997350140531E8
0.0
7.923705502822405E7
6.890956751516333E8
1.1004827304197803E10
8.900023188322575E10
2.726883502905233E11
1.533697906743333E12
1.2926293858577622E12
4.9520894704659686E11
4.068650488127657E10
4.429669106921129E9
8.135297494518927E7
0.0
1558620.322185986
5.931529830622146E8
1.1552537615402225E10
1.2620370106449095E11
7.176431320548499E11
3.270348720577523E12
4.122835894716886E12
3.594560644906691E11
2.3380638201409462E10
8.582684953829086E8
1.8098028809978988E7
0.0
0.0
0.0
0.0
0.0
0.0
0.0
0.0
0.0
0.0
0.0
0.0
0.0
0.0
1478270.9500179435
1.0697858693753138E7
6.090661795696002E7
9.580011692515669E8
3.8634997778450136E9
4.374076817863632E10
7.656096187509598E9
5.54329670944511E8
6.900919114315511E7
1.6886328055742905E7
843717.5454485718
0.0
3576227.035883407
4.727243476099238E7
1.26338704556221E8
9.959811598550011E8
4.97066792919604E9
9.332384481889286E9
2.9443721123877945E9
5.20145066001771E8
3.66422372045072E7
1.4493262433108103E7
2031540.7015608577
0.0
2084038.2977776239
1.5552745765248153E7
9.208483540507182E7
4.3324767873368603E8
8.234297291325673E8
2.3036861417039165E9
1.0829852982495122E9
3.1377310920799077E8
6.499198851246372E7
7489841.548771357
1622463.5650495896
0.0
3533506.763394151
1.3412181572080554E7
3.1990106472112E7
9.503952813299404E7
2.3689485771807802E8
7.784681085161864E8
4.434330858607905E8
1.318667992036024E8
5.4934955658129E7
1.3677817698393276E7
2190802.864383341
0.0
1187867.8242678754
4538556.976595245
1.7343555728077427E7
8.839610019273295E7
1.3256102758055305E8
1.4207750052554426E8
7.88323270577433E8
2.15190835744252E8
1.7183669134625707E7
1.260533463845087E7
2799401.0538805984
0.0
3811828.8545178478
1.4176415933185011E7
6.2013212739724115E7
1.0983653295656848E8
8.013824672789397E8
0.0
8.338981781748961E8
1.005641023632999E9
9.428043553166893E7
1.4287923929757396E7
1.2243411889515914E7
0.0
6365452.544465643
7.006649523980483E7
3.9378532396918225E8
9.995765851772295E8
4.2099962255052443E9
2.4775466389507217E10
1.0121941463787945E10
1.292481804868957E9
7.24831180787405E8
6.712876713773413E7
2.9253332244420916E7
0.0
4.377017669312884E7
1.721721112994403E8
1.0075454833533187E9
9.25674380221583E9
2.724963273960988E10
5.045084955241423E10
4.101974892370339E10
4.24668862664248E10
1.2458699940369275E9
2.496612330157628E8
2.7647545634631008E7
0.0
3.9062769806747794E7
7.304474666696934E8
7.788890521300675E9
2.812556192763706E10
1.3661280587639345E11
5.2625414623396326E11
3.4410660631327124E11
1.5810094495773627E11
5.321591412399925E9
5.108569621226257E8
6.6192680195481464E7
0.0
7.422778262520514E7
3.230607964140458E8
1.2980255616305496E10
6.971186799394217E10
5.342258733349381E11
1.824041868897893E12
1.5505341772428328E12
2.0331007299432892E11
3.129833488066057E10
2.63288757637437E8
9.739542236285754E7
0.0
3.437834258028944E7
1.5969995550930497E8
2.532292254210739E10
2.0543334256855392E11
1.8486633767594937E12
9.335255100070256E12
1.5846139019305498E12
1.612412608271444E11
6.7436604917691765E9
8.342389424693139E8
2.6185309679078393E7
