0.0
0.0
0.0
0.0
0.0
0.0
0.0
0.0
0.0
0.0
0.0
0.0
0.0
0.0
0.0
0.0
0.0
0.0
0.0
0.0
0.0
0.0
0.0
0.0
0.0
0.0
0.0
0.0
0.0
0.0
0.0
0.0
0.0
0.0
0.0
-0.015000000000000003
0.0
0.0
0.0
0.0
-0.0075000000000000015
0.0
0.0
0.0
0.0
0.0
0.0
-0.015000000000000003
0.0
0.0
0.0
0.0
0.0
0.0
-0.0075000000000000015
0.0
0.0
0.0
0.0
-0.0075000000000000015
0.0
0.0
0.0
0.0
0.0
-0.015000000000000003
-0.015000000000000003
0.0
0.0
0.0
0.0
0.0
0.0
0.0
0.0
-0.030000000000000006
0.0
-0.09750000000000003
0.0
-0.14250000000000007
0.0
0.0
-0.037500000000000006
0.0
0.0
0.0
0.0
0.0
0.0
0.0
0.0
0.0
0.0
0.0
0.0
-0.0075000000000000015
0.0
0.0
0.0
0.0
0.0
-0.0075000000000000015
0.0
0.0
0.0
0.0
0.0
0.0
0.0
0.0
-0.0075000000000000015
0.0
0.0
0.0
0.0
0.0
0.0
0.0
0.0
0.0
0.0
0.0
0.0
0.0
0.0
0.0
0.0
0.0
0.0
0.0
0.0
0.0
0.0
0.0
0.0
0.0
0.0
0.0
-0.0075000000000000015
0.0
0.0
0.0
0.0
0.0
0.0
0.0
0.0
0.0
0.0
0.0
-0.0075000000000000015
0.0
0.0
0.0
0.0
0.0
0.0
-0.0075000000000000015
0.0
0.0
0.0
-0.0075000000000000015
0.0
0.0
0.0
0.0
0.0
0.0
0.0
0.0
0.0
-0.0075000000000000015
0.0
-0.0075000000000000015
0.0
0.0
0.0
0.0
0.0
0.0
0.0
-0.0075000000000000015
0.0
0.0
-0.0075000000000000015
0.0
0.0
0.0
0.0
0.0
0.0
0.0
0.0
0.0
0.0
-0.0075000000000000015
-0.0075000000000000015
0.0
0.0
0.0
0.0
0.0
0.0
0.0
0.0
-0.0075000000000000015
0.0
0.0
0.0
0.16430625000000001
15.692720515625002
0.0
0.0
0.0
0.0
0.0
0.0
-0.0075000000000000015
-0.0075000000000000015
0.0
0.0
-0.09000000000000002
0.0
-0.13500000000000006
0.0
-0.052500000000000005
-0.022500000000000006
0.0
0.0
0.0
-0.0075000000000000015
0.0
0.0
-0.0075000000000000015
0.0
0.0
0.0
0.0
0.0
0.0
0.0
0.0
0.0
0.0
0.0
0.0
0.0
0.0
0.0
0.0
0.0
-0.015000000000000003
0.0
0.0
-0.015000000000000003
0.0
0.0
0.0
0.0
0.0
0.0
0.0
0.0
0.0
0.0
0.0
0.0
0.0
0.0
0.0
0.0
0.0
0.0
0.0
0.0
0.0
0.0
0.0
0.0
0.0
0.0
0.0
0.0
0.0
0.0
0.0
0.0
0.0
0.0
0.0
0.0
0.0
0.0
0.0
0.0
0.0
0.0
0.0
0.0
0.0
0.0
0.0
0.0
0.0
0.0
0.0
0.0
0.0
0.0
0.0
0.0
0.0
0.0
0.0
0.0
0.0
0.0
0.0
-0.0075000000000000015
0.0
0.0
0.0
0.0
-0.0075000000000000015
0.0
0.0
0.0
0.0
-0.015000000000000003
-0.0075000000000000015
-0.0075000000000000015
0.0
0.0
0.0
0.0
0.0
0.0
0.0
0.0
0.0
0.0
0.0
-0.0075000000000000015
0.0
0.0
0.0
0.0
-0.0075000000000000015
0.0
0.0
0.0
0.0
0.0
0.0
-0.015000000000000003
0.0
0.0
0.0
0.0
0.0
0.0
0.0
0.0
-0.0075000000000000015
-0.015000000000000003
-0.12000000000000005
0.0
84.52464377788633
1.9279681102827777
0.0488772893740361
-0.0075000000000000015
-0.0075000000000000015
0.0
0.0
0.0
-0.0075000000000000015
0.0
0.0
-0.015000000000000003
0.0
0.0
0.0
0.0
0.0
0.0
0.0
0.0
0.0
0.0
0.0
0.0
0.0
0.0
0.0
0.0
0.0
0.0
0.0
0.0
0.0
0.0
0.0
-0.0075000000000000015
0.0
0.0
0.0
0.0
0.0
0.0
0.0
0.0
-0.0075000000000000015
0.0
0.0
0.0
0.0
0.0
0.0
0.0
0.0
0.0
0.0
0.0
0.0
0.0
0.0
0.0
0.0
0.0
0.0
0.0
0.0
0.0
0.0
0.0
0.0
0.0
0.0
0.0
0.0
0.0
0.0
0.0
0.0
0.0
0.0
0.0
0.0
0.0
0.0
0.0
0.0
0.0
0.0
0.0
0.0
0.0
0.0
0.0
0.0
0.0
0.0
0.0
0.0
0.0
0.0
0.0
0.0
0.0
0.0
0.0
0.0
0.0
-0.0075000000000000015
0.0
0.0
0.0
0.0
0.0
0.0
0.0
0.0
0.0
0.0
0.0
0.0
0.0
0.0
0.0
0.0
0.0
0.0
0.0
0.0
0.0
0.0
-0.0075000000000000015
0.6169406219140626
0.0
0.0
0.0
0.0
0.0
0.0
-0.0075000000000000015
-0.0075000000000000015
-0.0075000000000000015
-0.030000000000000006
0.3784142656250001
102.07441113683046
0.0
0.2424478021831624
-0.0075000000000000015
-0.0075000000000000015
-0.0075000000000000015
0.0
-0.0075000000000000015
0.0
0.0
0.0
0.0
0.0
-0.0075000000000000015
0.0
0.0
0.0
0.0
0.0
0.0
0.0
0.0
0.0
0.0
-0.0075000000000000015
0.0
0.0
0.0
0.0
0.0
0.0
0.0
0.0
0.0
0.0
0.0
0.0
0.0
0.0
0.0
0.0
0.0
0.0
-0.0075000000000000015
0.0
0.0
0.0
0.0
0.0
0.0
0.0
0.0
0.0
0.0
0.0
0.0
0.0
0.0
0.0
0.0
0.0
0.0
0.0
0.0
0.0
-0.0075000000000000015
0.0
0.0
0.0
0.0
0.0
0.0
0.0
0.0
0.0
0.0
0.0
0.0
0.0
0.0
0.0
0.0
0.0
0.0
0.0
-0.0075000000000000015
0.0
0.0
0.0
0.0
0.0
0.0
0.0
0.0
0.0
0.0
0.0
-0.0075000000000000015
0.0
0.0
0.0
0.0
0.0
0.0
0.0
0.0
0.0
0.0
0.0
0.0
0.0
0.0
0.0
-0.0075000000000000015
-0.0075000000000000015
0.0
0.0
0.0
0.0
0.0
-0.015000000000000003
0.0
0.0
0.0
0.0
-0.0075000000000000015
0.0
0.0
0.0
0.0
0.0
-0.0075000000000000015
-0.0075000000000000015
1.2338812438281253
0.0
0.0
0.0
-0.015000000000000003
0.0
0.0
0.0
-0.015000000000000003
0.0
-0.0075000000000000015
45.996988958376704
0.0
18.129343401221576
-0.015000000000000003
-0.015000000000000003
-0.030000000000000006
0.0
0.0
0.0
-0.0075000000000000015
0.0
0.0
-0.0075000000000000015
-0.0075000000000000015
0.0
0.0
0.0
0.0
0.0
0.0
0.0
0.0
0.0
0.0
0.0
-0.0075000000000000015
0.0
0.0
0.0
0.0
-0.0075000000000000015
0.0
-0.0075000000000000015
0.0
0.0
0.0
0.0
0.0
0.0
0.0
0.0
0.0
0.0
0.0
0.0
0.0
0.0
0.0
0.0
0.0
0.0
0.0
0.0
0.0
0.0
0.0
0.0
0.0
-0.0075000000000000015
0.0
0.0
0.0
0.0
0.0
0.0
0.0
0.0
