0.0
0.0
0.0
0.0
0.0
0.0
0.0
0.0
0.0
0.0
0.0
0.0
0.0
0.0
0.0
0.0
0.0
0.0
0.0
0.0
0.0
0.0
0.0
0.0
0.0
1.3224071086046265E12
2.5865429819855582E13
1.5671819200704294E14
4.070923227088449E15
3.5875272669904464E16
1.39430445681563248E17
3.3359536744892256E16
4.56272024361146E15
4.82828474429196E14
1.564679993955278E13
1.1579668936712085E12
0.0
2.802663155078409E12
7.632007511905425E13
9.25278820186994E14
6.29591752218555E15
2.8606587476565144E16
6.92800792061468E16
2.2241313565570696E16
5.993064565862093E15
3.358362298478364E14
9.893432319448727E12
1.3291467303089473E12
0.0
2.847925712648907E12
3.5108767282832895E13
5.358157542732449E14
4.134027570931159E15
1.1842438713216662E16
2.4693636327738808E16
7.31850472503887E15
2.4705115979098735E15
1.4602587916081184E14
1.5730124893078664E13
4.1612002535510444E12
0.0
1.8286404809749887E13
5.987116459020924E13
6.727987146925024E14
8.613413702796048E14
3.5880115954875075E15
2.574127438676476E15
2.5830180932320605E15
5.893578633361565E14
3.538034331281384E14
1.7831859313505856E14
5.754707186080548E12
0.0
7.636384733472019E13
3.565865531961286E14
2.1047265018036445E15
2.5914470197945465E15
6.352253938155524E15
0.0
8.626819382718679E15
1.590272342960861E15
1.2292823578080298E15
6.230408266012065E14
4.229867402110649E13
0.0
2.3060978305147088E14
1.45081165461458E15
3.095688772609423E15
1.230139850479172E16
4.0417940382187952E16
3.9372525830090624E17
3.9769541392627728E16
2.4182731064784188E16
4.384574555983437E15
1.4496670551215492E15
6.465814469337876E14
0.0
7.97557347054111E14
7.188503798000785E15
2.8822243548023152E16
8.1736756897927088E16
1.85673486427915488E17
3.4807477463463469E17
1.63521843512800512E17
5.9008534769725456E16
2.1245672726463196E16
4.877764928894956E15
1.4646777109451692E15
0.0
3.320305798994052E15
1.7236982604552204E16
7.2836972212122784E16
2.38292105027694304E17
6.1986456909939814E17
1.8399835225452032E18
8.0689058210827712E17
3.063153023200169E17
7.6721546243051472E16
1.745146318174256E16
2.898449940294932E15
0.0
5.728063488127827E15
2.30271275745281E16
1.41059366976027392E17
5.1558721661456192E17
2.24334583263373107E18
9.5062117551933E18
3.7004633353385677E18
5.5317269398929626E17
1.12391044266527376E17
1.5418425955812838E16
4.1057661044758175E14
0.0
1.7546293256023895E15
1.9864515029640156E16
2.0167957722325744E17
1.09631266967937651E18
9.0808773323371581E18
2.9568212442490302E19
5.7793048267501015E18
1.14600073451437888E18
1.5420653448804224E17
2.4986124246671568E16
5.669170608102116E14
0.0
0.0
0.0
0.0
0.0
0.0
5.9757521883382106E17
0.0
0.0
0.0
0.0
0.0
0.0
4.866008625590578E12
8.696949592685997E13
6.88544726404104E14
1.5979445706226502E15
2.4644050046076692E16
1.48590422392790752E17
1.9386821764098792E16
4.765173197889635E15
2.371318938608106E14
4.902017033286199E12
3.802035857770276E11
0.0
2.397964292760941E12
2.024970127942617E13
2.5786407284844416E14
2.133489727476658E15
9.311580829693942E15
5.1473563671452992E16
1.2719669831525956E16
2.2921200727361265E15
1.0014043679990166E14
7.703797360467816E12
7.949938428949602E11
0.0
9.29281278738268E12
5.402540516692272E13
7.433082444514294E14
7.231455370258512E14
4.3613318637683325E15
9.350883926863494E15
4.632364419579228E15
9.648005700816538E14
1.5991252738667897E14
9.83661450459932E13
5.447928986591125E12
0.0
5.223616587888483E13
3.9894908560654925E14
2.2886067485776425E15
2.97463677474551E15
8.789585084503962E15
1.216512214093165E15
1.0124220300818472E16
1.9892643196703018E15
1.4353073071881748E15
5.290184380490525E14
5.193516376808244E13
0.0
1.8254372318556556E14
1.3702788731303418E15
8.559277037420074E15
1.0322729468399098E16
3.498687187468674E16
1.3371335534475662E15
4.0633940390184624E16
1.5959278928846184E16
4.3067316511929785E15
1.4167140818753038E15
5.594908191963394E14
0.0
8.140629056150715E14
4.4500939721180995E15
2.4603921090450324E16
6.4503123012120848E16
1.5348173412167632E17
0.0
2.10118945016818048E17
1.00088949037456496E17
1.7846055236608942E16
6.178851810760719E15
2.8300251549523305E15
0.0
3.372203843810934E15
1.0266154439040816E16
1.06187017076244176E17
2.58555317989969056E17
5.2933896661329165E17
8.1666282259925248E17
8.5892989482038643E17
3.0497425552404691E17
8.2672461354141408E16
1.4268977668416876E16
4.529746395921332E15
0.0
7.55138577678117E15
3.3145110052935736E16
2.26831374306002848E17
3.8114866500318522E17
1.46986591629888666E18
4.1395413817983601E18
3.3628034884363356E18
8.6375879436492301E17
1.6570674264362336E17
1.370584165335485E16
1.303836251714294E15
0.0
5.521374443266451E15
5.5350683120055504E16
3.9777484419797779E17
1.76490145802937114E18
4.6158328401160417E18
1.4440266879271154E19
5.7876808277818552E18
1.03757045310813376E18
1.85661315690032896E17
3.7389354502851064E16
2.296194136505019E15
0.0
1.1480055450260928E15
1.2860705798579802E16
1.58554266327084064E17
2.24925721861572045E18
1.7695006053318064E19
2.117886246608248E19
1.1820377556710943E19
1.46605518431480422E18
1.94215392687614752E17
5.91290398297139E15
1.499968867922005E14
0.0
0.0
0.0
0.0
0.0
0.0
0.0
0.0
0.0
0.0
0.0
0.0
0.0
0.0
0.0
0.0
0.0
0.0
0.0
0.0
0.0
0.0
0.0
0.0
0.0
0.0
1.2325993063856875E12
3.5382688087648805E13
4.6317736863372806E14
4.2555373894462445E15
7.6897851465540928E16
7.1972184904590208E16
1.6385587337224388E16
3.231645468413479E15
2.2420475052567866E14
1.6628087931367934E13
0.0
0.0
3.8367651666749414E12
8.645403973746186E13
7.1994083097354E14
5.808367935695751E15
2.41483206247984E16
5.5118001678374464E16
2.2032694424721356E16
2.266729033247152E15
1.9835050850185375E14
1.0879824067905107E13
0.0
0.0
1.4008883742605222E12
3.0601887969293777E13
3.2976899337141956E14
3.3058266768264495E15
1.673885801440578E16
2.3713418865122944E16
9.73972861283658E15
5.50528625946162E14
1.1571127741001056E14
2.0634472423193605E13
0.0
0.0
1.2110733705252875E13
8.589631598141888E13
5.963782651223875E14
1.9112753954057215E15
3.29714546771226E15
5.980869346402981E15
2.8683916261630185E15
4.282956635712477E14
2.3051411770583838E14
4.101703646928542E13
0.0
0.0
4.709203088927948E13
2.572090677611163E14
2.3553538717189515E15
1.4970600108223305E15
8.154801498334742E15
1.4064636928722615E15
5.044525691190984E15
2.7445093583417975E15
8.798420179395664E14
2.22192797031631E14
0.0
0.0
1.9036854898996178E14
7.041910263411591E14
3.8597327988820215E15
1.0247136421692242E16
0.0
2.8082597675116016E16
6.6651693101569592E16
3.010637305716882E16
6.094653939172916E15
1.9295738768093995E15
0.0
0.0
1.7394718942243688E15
7.515145181566848E15
2.9477054038523032E16
9.0409842194151664E16
1.58255618691764928E17
3.3076888384181376E17
2.51883058172544E17
6.4489294509612272E16
2.6758641152445832E16
1.087718751617165E16
0.0
0.0
3.993328134771712E15
2.7743419234088228E16
8.637115165453824E16
1.96609091099302368E17
6.7390611900101658E17
1.1608342303935255E18
8.5817206110191078E17
3.4293423978377958E17
8.0914899020889152E16
2.4695979747912132E16
0.0
0.0
6.040662159585282E15
3.723983285073476E16
1.56779695988710816E17
6.6619382195500403E17
2.03859880178757402E18
8.7583008688165489E18
2.836923839971669E18
6.7076398227120947E17
8.0774649527866384E16
9.737528706162914E15
0.0
0.0
3.95118828504223E15
4.6952219300180528E16
3.9963973771143987E17
2.4672676262045901E18
9.325061731090203E18
1.0724486174072455E19
3.4588033097156936E18
5.768739992301321E17
1.47641197568223264E17
2.5098709696635768E16
0.0
0.0
2.797490100068741E14
9.918595958606358E15
2.32869425138867008E17
3.3505667463061878E18
4.341816302464435E19
3.155347561342899E19
4.7770026510883512E18
1.02928417753820826E18
2.5554387518975872E16
7.426324539564538E14
0.0
0.0
0.0
0.0
0.0
0.0
0.0
0.0
0.0
0.0
0.0
0.0
7.3692514047221E11
8.736775962683084E12
3.027162913003696E14
2.691469974702468E15
1.8621748553524032E16
7.6468430745502336E16
8.0798400479277984E16
8.289818706360744E15
5.718851291123756E14
4.240922412159956E13
9.549392183719011E11
0.0
3.6801266579981455E12
5.109566625798709E13
6.752638579941248E14
4.895124737869568E15
1.7497276381070614E16
6.3556264735961816E16
3.7054961708636296E16
1.0140307946538316E16
3.92799868163341E14
2.0050042821394137E13
7.093795291434744E11
0.0
1.19020612281662E12
2.4095759091872203E13
1.6335537037036356E14
2.079774962780758E15
1.376560266416659E16
2.9328946029394712E16
1.3169158749694188E16
3.3949718332512385E15
1.662216884860591E14
2.871992187587541E13
4.0208750676392563E12
0.0
8.430767083536695E12
5.1608172165482625E13
2.2986675819631984E14
7.360061001678552E14
3.6949149287696545E15
3.858786349946231E15
2.146030766259939E15
8.209258391082158E14
2.0046651195084775E14
3.976283590589129E13
9.543585819445535E12
0.0
3.792301089248355E13
3.222046823091178E14
2.117709790686061E15
3.2845620237317775E15
9.646843097406648E15
2.1544608739135E15
6.422339733889104E15
3.070760196970963E15
4.345406110949819E14
2.751516367801929E14
5.856634019640125E13
0.0
1.5964453766617428E14
1.0602594141296581E15
6.13838612267928E15
1.6243194539202938E16
2.562995170155078E16
4.1291259047306712E16
0.0
2.8078742851997804E16
6.161687746252823E15
7.816503887477974E14
4.177707579790569E14
0.0
3.058299535191828E14
4.06724413596662E15
1.881699230757072E16
3.2191603721336924E16
1.40620101217136896E17
3.2926424857755232E17
2.56240950503415168E17
1.34665274936073232E17
1.827914201336212E16
9.195705806125042E15
2.8823510117470225E15
0.0
2.802890087182416E15
2.0494640871225956E16
7.3956263096249024E16
2.28570839011829088E17
6.8417241804225702E17
1.68260262299015859E18
7.0260717840199462E17
2.690884048279536E17
8.9951741902257248E16
1.7756809730463708E16
4.0777346832104085E15
0.0
2.399208091806615E15
3.1263541071850336E16
1.02207140383017408E17
5.5787537453251142E17
9.0262123957371469E17
2.9730781813372964E18
2.7218845029240596E18
1.06266831036691584E18
2.1881073521151824E17
1.4590585794277304E16
1.988795551601554E15
0.0
2.291017589383632E15
3.1828519049407768E16
1.98314486434468352E17
1.42520257353490534E18
6.5123256061801472E18
8.6726922367279114E18
5.3217916595720028E18
1.24194197452770125E18
3.652117291549415E17
2.4739421634088008E16
2.0338162011192818E15
0.0
6.272565650325162E14
5.41658027331887E15
8.2669956379622672E16
6.8215529049724787E17
6.8112840726595174E18
3.3184897378223047E19
4.028052096439209E19
1.32891679572957133E18
1.65406595230151936E17
7.63013291287429E15
8.52223858664551E13
0.0
0.0
0.0
0.0
0.0
0.0
0.0
0.0
0.0
0.0
0.0
0.0
0.0
0.0
9.634437413698535E11
1.781839474388207E13
3.439156167956641E14
1.099547807467337E15
3.7210131858038784E16
1.66233710811453312E17
2.9714624238745292E16
3.235211723752288E15
4.103320450557759E14
2.664879287437805E13
3.334221015689655E10
0.0
6.992519691801913E12
5.458712517519939E13
1.2748527597765828E15
5.835639556662289E15
3.7419686968865504E16
1.17600531411861568E17
2.2775268264059748E16
7.550799173082338E15
2.9171683263199294E14
7.0190591117222E12
7.921580323711946E11
0.0
2.624368724308061E12
1.1273939260143566E13
3.442563311523725E14
1.0444051258221345E15
1.696132027367686E16
2.5546877349860308E16
1.159546397981693E16
1.9855862098567892E15
1.24009791316351E14
1.0064159452128502E13
3.458861481723839E12
0.0
1.0957965008969607E13
6.335539161210477E13
6.268640474348639E14
1.2527904031744985E15
4.3013041725363965E15
4.069469116184178E15
2.053849244299282E15
6.324184977683231E14
2.6896265495580438E14
1.5254282346958012E14
2.151738911216E12
0.0
7.565057746515364E13
2.209887395581008E14
1.524575094913627E15
2.3933140405505325E15
4.160109129990209E15
1.8982051340156215E15
8.061467317314441E15
2.354586505400921E15
1.9009597760050622E15
5.512141640108893E14
5.701431125219805E13
0.0
1.4277088261610688E14
1.1422739479468992E15
3.586302278223591E15
1.1382163112510128E16
2.6824695948781824E16
0.0
4.8633275661165904E16
3.0456043376220972E16
7.195412443629717E15
1.0177541675213582E15
4.50020345716214E14
0.0
3.806688354356119E14
6.50226893336882E15
8.687630774006065E15
3.1065662282047928E16
1.7363246246510224E17
6.5356720508174784E17
2.69457682791398848E17
3.239702033336694E16
1.4512962266550564E16
3.747900797065163E15
1.388581153084844E15
0.0
2.8909566426344095E15
2.7198707220721164E16
5.8082614368654352E16
2.7044039064343184E17
8.1287179539649229E17
1.38726641712525645E18
6.0649352847682099E17
3.7995380117010477E17
5.0396309277199488E16
2.2354385657012328E16
4.2650953882735285E15
0.0
8.507151379088622E14
1.56436807308656E16
2.01074612423770368E17
6.3185314971736845E17
9.941700770038528E17
7.5244840549420442E18
2.8387418953405471E18
7.1036771077767885E17
1.1375939711209856E17
2.2832424575151036E16
1.0742447068181434E15
0.0
3.576895380195388E15
8.995129067416128E16
3.051122074638489E17
1.82206154651546342E18
3.5138196605612319E18
2.0668710558658626E19
7.1057891076881562E18
1.49270829207027021E18
2.10577757636397984E17
1.879479514101696E16
1.5256038103008368E15
0.0
1.532272623996033E14
2.3729679185393085E15
1.15614473261114064E17
1.5536866371511936E18
1.540472765201238E19
7.16863273373973E19
1.5296562293803356E19
7.1562322365234688E17
5.0927634852512808E16
5.040636143279766E15
5.324990999864878E13
