0.0
0.0
0.0
0.0
0.0
0.0
0.0
0.0
0.0
0.0
0.0
0.0
0.0
0.0
0.0
0.0
0.0
0.0
0.0
0.0
0.0
0.0
0.0
0.0
0.0
1928079.9895392577
2.8226700198497813E7
1.2595331690490359E8
1.1640458608698022E9
5.3408530700502E9
3.62413967708506E10
8.525707373150152E9
5.2019810494762737E8
8.273952981352638E7
2.6623671107161406E7
1704871.9242479876
0.0
2958123.9724603137
7.178738151537213E7
3.1785055426436466E8
1.0483463540380648E9
3.2420732841631308E9
1.0594440235840885E10
3.122246289890359E9
6.001663871998059E8
5.746270329973262E7
1.6754949048178244E7
3004690.822341711
0.0
3196654.2556270203
3.3071694985236164E7
1.1462441641555E8
4.9122469746204615E8
1.527726663679661E9
2.46193639566496E9
1.0731068899016755E9
3.258525255673194E8
6.421520619200855E7
4498707.2985823285
4240682.997983538
0.0
2042902.0249999098
7976875.854736157
5.0953146888941176E7
2.8793111023599625E8
8.109266328401103E8
6.982366145700253E8
3.953996212799314E8
2.0474074422122708E8
4.3196822667183675E7
1.4554715355970996E7
3215687.629325102
0.0
1593550.2327170414
6599031.182645781
2.2619245910398442E7
9.904392554677734E7
2.798743165493903E8
0.0
5.377000101898901E8
3.080104166449937E8
3.815208331863645E7
1.8075748752693955E7
3292522.7457177816
0.0
4818638.504052011
2.2838915350158E7
7.702266451160622E7
1.9750262686763167E8
1.6157252366697857E9
2.1738237024580322E10
4.817425014661676E9
1.365937881623553E9
1.7795781271964207E8
2.3134352339729242E7
1.1014131840731606E7
0.0
1.4802370007136486E7
1.2331038893733685E8
2.932092545674045E8
1.365775248729634E9
7.610345948195513E9
3.0750508529389442E10
1.964843014956107E10
1.0619351495239658E10
5.75423110307914E8
9.631240999470685E7
4.847805398002256E7
0.0
3.992676724558519E7
1.9490125236205363E8
1.2422309588872478E9
5.794905208402837E9
9.568044318618042E10
1.8477974576483493E11
4.868538708823075E10
7.758726434641408E10
4.326990587211973E9
2.0086678123925686E8
1.0073948139588253E8
0.0
1.0671100361232899E8
1.2575635941696525E9
4.684789422736672E9
3.891863064280034E10
2.2083826366982938E11
1.2461593306588247E12
2.673620042344112E11
1.2330537456798225E11
2.9743067255979056E9
6.320145173033807E8
2.0843085285717773E8
0.0
7.337827886542393E7
9.881890192950823E8
1.075795342125313E10
8.640987536994597E10
6.076659308285582E11
4.2046109726171504E12
1.9030044910206895E12
2.1943342141471188E11
4.490317497141725E10
4.0261633850489774E9
2.4989871377287038E7
0.0
0.0
0.0
0.0
0.0
0.0
1.5344549464984244E11
0.0
0.0
0.0
0.0
0.0
0.0
4094571.551896043
4.5843391429056734E7
2.3551482695911285E8
7.02752406748719E8
3.2813834013425827E9
3.1569851837930332E10
2.982681742321039E9
4.413820593669392E8
1.53755989943958E7
1.20109035622935E7
1672323.7809754154
0.0
4096703.0242722356
2.21688311452E7
1.423377300027414E8
6.559734430810721E8
1.801435302534177E9
4.0213795390934434E9
1.4606267872742581E9
1.9634119582414573E8
7.941574344259141E7
6227172.164412908
1101727.7245105673
0.0
2668015.370869212
1.56641013762123E7
6.297494954297232E7
1.4495496068304625E8
5.3400866748874724E8
1.2733902926270082E9
5.1642853833262426E8
1.4404218416657668E8
3.8701015424639314E7
5795352.451228277
2044034.999973645
0.0
1233456.6103689503
1.0108140482709706E7
2.72097260328736E7
1.2265208660878275E8
3.190680873519042E8
3.875746485730288E8
4.3383458521333045E8
3.0743479197582704E8
4.29441300990726E7
1.7138685587040275E7
2325683.812930869
0.0
6642616.76869067
1.963037192819219E7
5.939587162295626E7
2.7308524731058973E8
8.820804098559573E8
3.522283067616868E8
3.2083902703984385E9
9.399760289191024E8
1.2115966103777836E8
2.6809220338578254E7
6721567.166142584
0.0
1.3137178685550854E7
7.782831697057338E7
4.1685768288162565E8
1.0167239020225455E9
5.103581570938672E9
0.0
1.6096685218056398E10
5.54068134409539E9
7.902183399206823E8
1.0732510053401732E8
3.371804304640111E7
0.0
2.9312371546892136E7
5.47883075968987E8
1.05057828893981E9
1.1519933053400799E10
3.54340067200505E10
8.474582019944342E10
6.190715714847267E10
5.341380255496169E10
6.590579038491135E9
3.1324474607190835E8
8.874385785759285E7
0.0
1.3605951095213196E8
1.1148220183514009E9
5.743136833942711E9
4.683465238727055E10
2.7873270490311664E11
4.2025533028990204E11
2.0346799003795782E11
3.057515435414194E11
1.2337737441729813E10
7.617801342476258E8
2.0121954406727052E8
0.0
1.5621048315967214E8
3.015290902776343E9
2.8982431771276E10
4.624145385619993E10
5.2741176483926135E11
2.1172094895972773E12
8.172211376200869E11
4.633804612128086E11
6.891371128800616E10
1.421317721101213E9
2.4919195281282818E8
0.0
4.7256632764950655E7
1.3104935390340955E9
3.484795256094848E10
2.094713695781421E11
1.1472638778565957E12
5.954003917094136E12
2.105541662565889E12
2.9040163873836096E11
1.5797535198997425E10
2.0657596511755197E9
8.336848142975192E7
0.0
0.0
0.0
0.0
0.0
0.0
0.0
0.0
0.0
0.0
0.0
0.0
0.0
0.0
0.0
0.0
0.0
0.0
0.0
0.0
0.0
0.0
0.0
0.0
0.0
0.0
2576637.0786591796
2.4194896760007575E7
1.280602228249391E8
1.5602016000055673E9
1.6373804526988888E10
2.3473084657030373E10
2.433346926362972E9
3.394160223014662E8
6.834457016843687E7
4762556.150329795
0.0
0.0
5983089.171871127
8.49077300521861E7
2.5221420680105838E8
1.1176419560530658E9
3.844311959962025E9
8.424194216548801E9
2.3889361984289603E9
2.642559057558145E8
1.0345068908231439E8
3.0410796892691802E7
0.0
0.0
3545048.865559796
3.291779189843532E7
1.7187183240071434E8
4.9945891889927965E8
1.5639192983366842E9
2.937847152860744E9
8.400408103943254E8
2.6522095064933765E8
2.8355106424280815E7
1.2270636517874237E7
0.0
0.0
4234434.233515373
1.9976479351435203E7
4.5553560177606806E7
1.989481109392009E8
7.748374332025737E8
1.1072654048545954E9
4.756515988103708E8
1.3186724571565151E8
5.0175786407614015E7
1.9996858868856784E7
0.0
0.0
1370941.815026274
7848727.929387618
3.0982604920626473E7
1.2427653611126767E8
3.862663554768577E8
2.4161844503036284E8
1.1631016025449967E9
2.6058532400773567E8
5.684328269741108E7
1.0324881362225931E7
0.0
0.0
7117897.002219596
1.640680022009599E7
9.392632457670785E7
2.720217553134509E8
0.0
8.048507136790538E9
3.780242239204709E9
1.0492473814664538E9
1.6493732893852443E8
2.1332529011573568E7
0.0
0.0
7514490.686057592
9.279256770660713E7
3.537427635783546E8
3.1348039256577463E9
1.3457444483215199E10
1.541462875246177E10
9.476528973634657E9
4.640719342965553E9
7.540336657247708E8
1.7773029079662308E8
0.0
0.0
7.424212463304225E7
4.399120800334572E8
1.293116048714411E9
1.1935173046743671E10
4.71825902588578E10
5.581004833707594E10
4.838940904985826E10
6.0285225678178E10
6.358474134622936E9
8.429046737257882E8
0.0
0.0
9.294732842504619E7
7.333219982105879E8
6.4715070066707E9
2.539124646758349E10
2.6809251190052866E11
7.978873645815068E11
4.057647530738545E11
7.582587661452539E10
6.284895146219061E9
7.696571163876492E8
0.0
0.0
1.34322153073435E8
1.6928606624529324E9
3.2546128623389786E10
9.344996917962074E10
1.0961881418216722E12
2.6186771093836133E12
1.2119174327876755E12
4.8540292505957526E11
3.1733847998985332E10
2.4213716093359933E9
0.0
0.0
3.8903138234781995E7
2.1195950696614542E9
5.544626070896389E10
5.483286558685713E11
5.549187573506288E12
5.811620682759061E12
1.1866841045259717E12
8.215827748380699E10
8.936609314013876E9
3.240939934466963E8
0.0
0.0
0.0
0.0
0.0
0.0
0.0
0.0
0.0
0.0
0.0
0.0
1568766.9904320727
1.6172226504232926E7
8.917467217983669E7
3.04223236988817E8
2.0353152991153035E9
1.2858656459391554E10
2.419600262068501E10
1.1378919208597069E9
1.0367084744275784E8
1.5082341346039867E7
791622.7026356912
0.0
2300216.372771343
3.3403528448141538E7
2.4893378556215972E8
6.264850044049538E8
2.1077320359279933E9
6.718840915375545E9
4.2479366225604286E9
6.438571268304471E8
5.855957569782509E7
2.2000024778643638E7
5021235.569528317
0.0
2874848.816617761
2.0415348501820903E7
1.196915741938967E8
3.831396404060777E8
9.692562517685308E8
4.44449751336197E9
1.1026104112347503E9
3.60834026177786E8
7.285777246174376E7
6856295.812925703
4536522.796898026
0.0
3990455.506793497
1.3715868117015583E7
4.035548211919129E7
1.3586412129832298E8
4.5428939938136476E8
1.4767899732523558E9
6.145818680561812E8
2.3755231444412512E8
4.739638726514813E7
2.2157087687979817E7
5316241.2121807765
0.0
1422314.704261866
5395247.719956272
2.492476706433739E7
1.010620160706836E8
3.2162997930211645E8
3.192990068433747E8
9.172262369476427E8
3.1646582629275835E8
5.968252168491901E7
1.068493747613836E7
2073506.766493033
0.0
4501385.298191844
1.8689107462424096E7
9.193431771095034E7
3.225696461956229E8
1.264434489336812E9
9.084184466209102E8
0.0
1.2064863527813787E9
3.8674641570844984E8
3.47601806650561E7
7383284.459017446
0.0
1.2535879739500558E7
9.06142265648064E7
3.12513381640436E8
2.4542843773080325E9
7.644565752931956E9
2.3520247501880802E10
1.8517224057727657E10
9.283413247550232E9
8.630833408128439E8
1.652743792168043E8
4.2626925867593184E7
0.0
2.6110867024536833E7
3.539786055622768E8
1.5475553958264768E9
4.1689435531534414E9
3.581467580139624E10
8.237121395575925E10
4.496521718566202E10
7.01737799743307E10
4.181420731656917E9
2.5822357084447706E8
9.852808297308862E7
0.0
7.484806195878206E7
7.361556152589566E8
5.135228894330185E9
2.911662062506318E10
2.3827200949691827E11
8.696423984099344E11
2.6703068800201764E11
2.4554017196250745E11
2.157329311378582E10
9.988903761382972E8
2.3472058980700326E8
0.0
7.923705502822405E7
6.890956751516333E8
1.1004827304197803E10
8.900023188322575E10
2.726883502905233E11
2.1701299310036023E12
1.39412775848831E12
6.302415390030027E11
1.0930712810711525E11
8.80109472186218E9
3.7834762244022363E8
0.0
1558620.322185986
5.931529830622146E8
1.1552537615402225E10
1.5670353417677206E11
7.176431320548499E11
3.7588834452672046E12
6.282327441567959E12
5.019929013080381E11
2.687236499442126E10
8.582684953829086E8
1.8098028809978988E7
0.0
0.0
0.0
0.0
0.0
0.0
0.0
0.0
0.0
0.0
0.0
0.0
0.0
0.0
1478270.9500179435
1.4487782211396197E7
6.090661795696002E7
1.1310029695763676E9
3.8634997778450136E9
5.166431319952102E10
8.653702285383389E9
8.645814039057901E8
6.900919114315511E7
1.6886328055742905E7
843717.5454485718
0.0
3576227.035883407
7.901149227016775E7
1.5296431719343153E8
1.085559771331941E9
5.827320145756421E9
1.6473769301157982E10
2.9443721123877945E9
5.20145066001771E8
4.7873113149129316E7
1.8412604441460025E7
2657711.378080433
0.0
2084038.2977776239
3.707636008028201E7
9.208483540507182E7
6.342102848342633E8
8.234297291325673E8
4.382417882581633E9
1.3329766738495653E9
3.1377310920799077E8
6.499198851246372E7
7489841.548771357
1622463.5650495896
0.0
5063603.53595527
1.6842397452211812E7
3.1990106472112E7
1.1055945365952268E8
4.985149669394466E8
9.685964943738453E8
4.840550525275989E8
1.8543749863652506E8
5.4934955658129E7
1.5810288570716873E7
2190802.864383341
0.0
1187867.8242678754
7038121.101509377
1.7343555728077427E7
1.203397177945207E8
4.2188010586727315E8
2.3331868931634387E8
8.589671625948493E8
3.2100569651581764E8
2.3567635752199028E7
1.260533463845087E7
2799401.0538805984
0.0
3811828.8545178478
1.4176415933185011E7
6.2013212739724115E7
1.0983653295656848E8
8.013824672789397E8
0.0
1.922849973338352E9
1.572757134118949E9
1.6989910857058117E8
2.830759678953197E7
1.341328719889165E7
0.0
9226943.319625933
7.006649523980483E7
3.9378532396918225E8
1.4891737398967633E9
4.2099962255052443E9
3.5580558464786255E10
1.361810691903219E10
6.647518814329106E9
8.960406009941941E8
6.712876713773413E7
7.030877391326082E7
0.0
4.377017669312884E7
1.721721112994403E8
1.0075454833533187E9
1.0878192775750126E10
4.512224292008981E10
1.635104092871682E11
4.8191032820442444E10
9.71676556286883E10
5.491164177292494E9
5.54459543924965E8
1.3975091921436787E8
0.0
3.9062769806747794E7
9.486946946287262E8
7.788890521300675E9
2.812556192763706E10
2.6051921155359854E11
7.480332683951807E11
4.366942634594581E11
2.0656810141967212E11
9.47346490803977E9
6.410045161540743E8
6.6192680195481464E7
0.0
7.422778262520514E7
7.907659567924525E8
1.2980255616305496E10
6.971186799394217E10
6.720477474026714E11
2.285002081519339E12
1.924924006757065E12
3.937465319889356E11
5.3353266202347694E10
1.6119772975443134E9
3.709296047672823E8
0.0
5.958734431043356E7
6.506828041138996E8
2.532292254210739E10
2.0543334256855392E11
1.8486633767594937E12
1.2492766873760592E13
2.207115529391939E12
1.612412608271444E11
1.0235387284780973E10
8.342389424693139E8
2.6185309679078393E7
