0.0
0.0
0.0
0.0
0.0
0.0
0.0
0.0
0.0
0.0
0.0
0.0
0.0
0.0
0.0
0.0
0.0
0.0
0.0
0.0
0.0
0.0
0.0
0.0
0.0
2578.149213335588
183233.8621736904
1862254.000205157
2.1033734121530846E7
5.284335635195698E7
3.0044277619987524E8
8.03316679118293E7
1.4936173076923344E7
1640953.2750423183
29347.55193171153
1144.9252639204383
0.0
23725.480221586033
327433.43278675555
1882984.028026798
1.5338221251762189E7
3.2538319642943338E7
1.349607217813871E8
4.26546629106988E7
1.323927303567794E7
1352520.0283498915
165722.7727595502
8509.050243452672
0.0
165968.43541626885
214550.7832722669
1025551.7282025677
8407622.042477623
1.0224869292080458E7
5.8642270287346154E7
1.3818282833905095E7
4001405.9330418548
1111442.8000228938
152584.35502538487
45748.350674171255
0.0
29632.795448346562
123705.63565517835
519948.2562139903
3735348.121916895
6234402.251894826
1.6971353610516243E7
4933424.138937814
1800040.3573049547
412364.00891828915
60708.06534492977
27770.920047266518
0.0
88388.6194214439
140796.15174976672
648147.5360398247
1997849.2439375482
3963081.065551134
0.0
2928802.4323342983
512260.5289186099
326952.6565368517
157925.84306696962
68463.52174628174
0.0
155052.11862078786
423673.651922085
943025.3267570335
2931572.990470282
7993489.464455511
1.1240086741109061E8
1.8460323956408426E7
1176764.431125158
589425.6563741048
340495.50304849056
114187.62926659924
0.0
217645.5641629247
491038.6225262283
1909683.213325085
1.4072328441610793E7
3.536311303563485E7
1.1696596132782209E8
1.0901801113846411E8
3.0971280681719024E7
4962172.693270821
796924.4153951468
288283.25738838525
0.0
707613.7228622509
643394.0417659681
7506062.617492113
3.046103105827609E7
1.7325378264204088E8
3.476884195681638E8
2.185065623328716E8
7.16736974545297E7
9052971.656487407
2034252.5174968715
251541.79816203492
0.0
124463.55556443453
564921.9813634888
9193646.59147437
7.168845570916645E7
6.418613850605556E8
1.2187122229603648E9
3.401538063250085E8
8.780450797973497E7
2.5469694617675714E7
3231032.601189398
654131.9023466406
0.0
131239.52239780317
1316895.5723026562
1.0564525855981424E7
1.0861695614940289E8
1.0905896494260662E9
5.518665742712499E9
1.0217333804691489E9
2.8137953974887073E8
3.4174899116307534E7
5592346.830864777
239540.46904083135
0.0
0.0
0.0
0.0
0.0
0.0
1.7086008102107089E9
0.0
0.0
0.0
0.0
0.0
0.0
11368.274035542854
65324.38268744561
1669097.5072271675
8239098.464320473
3.84279224781207E7
3.6830656987770385E8
5.9509570119060844E7
1.561517617748104E7
520933.3932756874
34146.83885015445
113.3910009800997
0.0
60323.152069805925
192384.43560532515
1729315.9733461032
3126794.7863548277
1.0704273348158246E7
8.074624799102835E7
2.3738874269437715E7
5195751.264698181
1557914.5460643105
78273.92075029392
9260.329787369472
0.0
46735.825299587355
70842.50660512924
331516.8349244567
3723188.3389338637
5558811.277906487
1.7955971916415263E7
9025866.946182227
1456510.7883035445
256634.6494048572
67771.77637752077
16031.173405749521
0.0
96605.08500810512
126353.5187074125
359707.8391328012
1788418.1066379424
5502935.193389707
7083678.417829645
2673451.3607366807
1053012.9280390823
289462.279156744
48121.74888415018
49760.30855741375
0.0
222356.9317879073
409793.3486934778
1158458.2072744658
3896325.8274496733
1.1160956108091334E7
4832606.239577027
8006717.880716115
1401779.879388845
851748.8753558884
265109.55045444006
147024.63343119726
0.0
273247.4825536078
835240.2930948515
2317044.064300704
1.0157794210347943E7
2.7993342979546845E7
0.0
5.2445654245056964E7
2.0108078211599525E7
3356079.731419153
753124.3879455616
305877.3750992201
0.0
509561.9936785143
1113406.6281170342
5425888.34809004
3.522653990376152E7
1.3032022923350537E8
3.033791538647617E8
1.9173385056892815E8
7.479695990175301E7
1.7681439441208195E7
2134524.4817720186
312776.51341086574
0.0
326578.9694010003
1274431.8169513457
1.2435326719216354E7
6.156326788979563E7
3.873858223904875E8
1.2302239496497817E9
4.167715093474914E8
1.3562092200378072E8
4.662647815983236E7
4650429.064296139
550869.4443129215
0.0
197482.07742247352
3218960.2434934014
2.9843813255625844E7
1.543622310346645E8
7.748191524055718E8
2.2971064115630064E9
7.612702789324446E8
4.3260033886381745E8
6.39940854141614E7
7236066.691044704
799747.810043537
0.0
157121.16030710534
1001876.1747665424
1.783701612537794E7
1.2463555830679667E8
2.3724671631538534E9
5.130931890830976E9
1.5991077521062183E9
3.288437017348005E8
5.766106099696317E7
4029174.9335779613
275361.7163019296
0.0
0.0
0.0
0.0
0.0
0.0
0.0
0.0
0.0
0.0
0.0
0.0
0.0
0.0
0.0
0.0
0.0
0.0
0.0
0.0
0.0
0.0
0.0
0.0
0.0
0.0
5191.992034661342
166173.35918826587
1976874.9023973846
2.3878195718910344E7
1.7962291470301738E8
2.1166024283225897E8
5.995776069880812E7
7216170.7823727485
346190.0591346226
7920.279923533479
0.0
0.0
28484.590104212803
231195.7087215511
3354412.4966747714
2.2203130950573266E7
6.671946709266942E7
1.474866805160862E8
4.122403996050336E7
4109452.505667584
584866.6775140642
53964.326316740146
0.0
0.0
64441.219621711774
411023.37296832923
1326211.6068149405
6291262.186181031
1.6469321250064269E7
3.029206967406212E7
1.6264528990511656E7
5207374.683283004
691637.5516914558
200128.20496188747
0.0
0.0
42616.22018340908
104276.91866079665
656750.2288865224
2595562.406710595
4225854.179061532
1.5748533179012166E7
3483914.1303912024
976064.1828485504
334019.7020385813
97897.26995753353
0.0
0.0
63291.77065252263
136836.1345704042
737785.6965411582
1560876.1430620516
4970134.534331464
5767790.490249706
2447380.818930153
753991.9638194628
338747.26107097836
103184.75557744667
0.0
0.0
214676.77554048615
528474.4531596726
1284106.2925667637
5670046.045944828
0.0
1.9307414200178593E7
6311546.867293015
2700078.5945190196
826901.1641228393
295008.5454561779
0.0
0.0
238867.22048765217
696712.4258553416
2745185.222970821
8207364.631033044
4.465141170188955E7
1.3068873136348039E8
1.1520273379250592E8
1.9408863659604322E7
3738377.636962168
902218.4905106986
0.0
0.0
280991.4964304544
787179.8057461538
3012363.374533599
3.504321991525301E7
6.79849244704949E7
3.006389832752632E8
1.689501781277948E8
3.156463169980488E7
9783832.859984227
1225760.4949416977
0.0
0.0
192158.02517638257
1211311.7337726692
1.0360782759302132E7
1.0656263625167891E8
4.618354946587658E8
7.394764008263028E8
2.5813690870584834E8
1.2909366161931829E8
2.2513878019286342E7
4240884.179782301
0.0
0.0
301349.3139472476
1752497.7182227043
3.117902248596317E7
1.5860199118748298E8
1.2679937778486204E9
1.9811565616547878E9
1.1030469560598617E9
1.993903197958849E8
3.893859209696951E7
3313111.55508665
0.0
0.0
166533.66306341818
1485123.7157195893
2.3022176205753922E7
3.0036542403676003E8
4.1666767361957817E9
3.2895461861511064E9
5.948216585374339E8
1.1872759588684103E8
1.3284255107424123E7
1458872.3534989115
0.0
0.0
0.0
0.0
0.0
0.0
0.0
0.0
0.0
0.0
0.0
0.0
1973.0105389056926
70720.18343056219
1567108.5239461097
8023017.508193238
6.371933320233E7
1.853177454062613E8
2.3149293617700505E8
1.563889117682454E7
1433004.3403761901
9014.87485555319
702.7349510613832
0.0
25640.60786782112
178057.2066454104
1042070.5651047362
6273026.408817673
3.409234363491862E7
1.2857927589240624E8
8.834789949740458E7
1.1124139078432739E7
818523.4639502813
97175.57906206744
12866.125085860764
0.0
88277.22862035446
385374.0995971779
1315658.6989893303
5205909.685727172
1.2909590588007385E7
3.0967473440409135E7
2.4667093339471716E7
8660159.07578218
2897510.749289939
300882.8119188543
28606.420516562735
0.0
39702.66310610571
76682.15475726
269139.75709692406
2090891.1508463358
6364303.412826887
1.3671760717986058E7
6253230.22728637
1168691.3070639533
286044.0113585463
70151.02138498613
29165.559361537962
0.0
53107.978461966435
172228.26003285567
437959.18071965355
2033203.4271074908
5171228.957888802
8700875.530573243
3605810.7156375046
1095563.9813299184
473578.34449502436
123108.57658271164
57113.349764243954
0.0
318596.16889686394
511501.8864768321
1451254.1919959201
3375642.475188245
8715618.731075676
1.7500213405797895E7
0.0
3100035.5966990874
660867.154886032
320694.4852450939
142246.1295432135
0.0
308920.1472582347
882126.9587582741
2294396.064675686
8714737.05541888
3.1190657545136392E7
1.0179659877685344E8
1.0958325311713092E8
4.1838697019872606E7
5330202.940281375
1198670.3225355977
219500.34216906384
0.0
399327.14515403274
1431955.6982234644
5576068.695911354
2.9288193728234563E7
1.441447342621069E8
4.3128041039229846E8
1.812922107411822E8
7.372814901973182E7
1.3085671228097117E7
2771082.1705590487
410442.12385063013
0.0
299682.7644174358
880576.6829805484
5722693.570284338
3.217007910092841E7
2.4409360946644086E8
1.0736714842883546E9
3.110579321241676E8
1.625189315255328E8
3.663344670962013E7
7658795.644085679
843025.3848032916
0.0
159027.2461666108
670707.6637741479
1.4639600220591586E7
9.657699254573582E7
4.950092679461529E8
1.494693933621708E9
1.2410863059510603E9
4.5844619672207177E8
7.507719352580763E7
1.0704940201846791E7
693543.9675874026
0.0
73099.08199911551
836351.672442938
5864021.707856829
1.3049231653674717E8
6.507393853636477E8
5.1972913849761095E9
3.4428372247287087E9
3.656094209840561E8
3.7603710387712896E7
3364821.812981392
267840.68349374353
0.0
0.0
0.0
0.0
0.0
0.0
0.0
0.0
0.0
0.0
0.0
0.0
0.0
0.0
3579.348743639026
61786.71605628783
2106723.5736602833
6620660.13143762
6.03823203985594E7
5.76734308906984E8
6.191219675658532E7
8148588.408053806
637621.9270879827
8650.253908049457
2701.7524096718744
0.0
18785.722321016903
100966.28651119655
1866878.2016541362
1.0119475067097507E7
4.598342625406533E7
1.1964620969660443E8
4.328975919545497E7
1.3648698811086314E7
717071.1089679591
154877.0038925166
6216.552025742639
0.0
126657.44525511657
301814.7071519435
1005670.6029531399
7483489.083635323
1.6063510388247564E7
3.0712453803166006E7
2.139374302133073E7
5794278.217316469
1362954.5104346594
223689.6208859695
27285.293950423536
0.0
30793.22659880004
86311.67456812045
324281.5362174077
3442902.9977987316
6132609.872182072
1.7528815617108576E7
1.0360341063686945E7
1563586.2609406414
224263.5169182863
97966.74543178258
22778.444788460314
0.0
119630.58528550161
151763.43773294025
592647.037053943
1302615.3153406493
5440412.319053946
4694826.294014674
3311525.4008068084
935507.7294449315
287303.69441843446
109825.70302576611
63627.449059290695
0.0
173290.6481560362
540471.4666179343
897118.8878029172
3176332.478384423
1.0571800348672114E7
0.0
1.838625978140183E7
779879.0668609702
1016338.7693342848
422525.8013482168
174164.00643618513
0.0
344191.2670401243
913551.0493271496
3240821.8759017186
1.4623291153323073E7
2.334310382564019E7
1.1896020827296516E8
1.444209013865561E8
1.9818880880246215E7
6592105.129495077
746071.6616292379
119386.839311364
0.0
297547.95820529584
1006124.4543812128
6587574.600572401
3.447816687616017E7
1.13952847625694E8
5.21073561738187E8
1.5044870241185385E8
4.8791531821953475E7
1.117063661649194E7
1813143.6422999017
219226.91425468854
0.0
164626.38122768962
744843.288427016
1.1118227303393751E7
5.9045860922782764E7
1.7276601359008136E8
1.220999435916382E9
3.518387561257939E8
8.401452283137769E7
3.8483090521871865E7
2759282.286441586
547730.3707803909
0.0
130649.19959633482
3653722.466107879
2.622038304108642E7
2.0247775428832418E8
1.1921918910150466E9
2.50950832703953E9
9.609875892379626E8
4.121873629111872E8
4.307133033189204E7
1.062211202655567E7
445161.8333944152
0.0
122182.71413755458
739873.0728140047
1.4467553915207695E7
1.1121433335166281E8
1.1927053756688437E9
1.355764312413586E10
1.5520336647827096E9
1.649303196551671E8
4.29008100794995E7
2042282.892688036
65038.33105277531
