0.0
0.0
0.0
0.0
0.0
0.0
0.0
0.0
0.0
0.0
0.0
0.0
0.0
0.0
0.0
0.0
0.0
0.0
0.0
0.0
0.0
0.0
0.0
0.0
0.0
1.0761388089031468E16
1.11833148144666304E17
1.99045416022664397E18
9.300594935254752E19
4.654129621177887E20
1.4667091346405717E21
5.1617408541532494E20
8.045112405183747E19
6.8279421071775212E18
1.22712817652312576E17
1.5112004490705698E16
0.0
1.02815017776920352E17
3.3035879340836506E17
5.2113114680275558E18
6.171465623702876E19
1.8566158675836853E20
5.6027021509621934E20
2.1858021120681558E20
7.243612131221156E19
1.0142364645105396E19
1.61289972748850381E18
1.233574717704992E17
0.0
4.5571286993781936E16
3.1737231578028288E17
3.8922251851388928E18
1.6462815204944925E19
7.595738825237204E19
1.6915099886971984E20
5.689705306818962E19
1.97982458413921E19
2.9635128985588275E18
3.7240371190509792E17
1.1791362136809472E17
0.0
3.3965563319702328E16
1.304569939884036E17
3.9293554430153626E17
4.678760563159466E18
3.442465119898556E19
6.955092895663435E19
7.661478966975106E19
1.9435105309055894E19
9.306766521371826E18
1.69012731446705203E18
2.968517246674832E17
0.0
2.10362479019462496E17
3.4556267825703578E17
4.1036278992989471E18
2.700232736015681E19
1.6293171675820687E20
0.0
5.899447050388889E20
1.0495167349543073E20
2.924429244425929E19
8.8255483384241992E18
2.4362769208768031E18
0.0
3.2986310975119251E17
1.0340122736271305E18
4.234843248382356E19
2.07886612675003E20
3.90613803677252E20
8.594141239412739E21
8.978079342957033E20
1.91446305155129E20
9.657341891128926E19
2.6207463734062006E19
6.2345570837863629E18
0.0
2.8648392737556454E18
4.8147472805282734E18
2.3736269111108236E20
8.508766498129534E20
2.2349103110052187E21
5.955309541219526E21
1.8217890369011232E21
1.6857238174975462E21
2.518110984510264E20
7.216707524762751E19
5.2926444076595046E18
0.0
1.0859270235025607E19
9.535520281853854E19
1.198922842659084E21
4.352668752593202E21
2.0469410866969727E22
1.8520632393023107E22
1.8380925043775176E22
4.07271433085776E21
2.4586917285841884E21
3.031013441233906E20
6.780778323240654E19
0.0
3.4904209816920072E19
6.557937302656317E20
2.34549472964783E21
7.832106194008517E21
5.385189814361049E22
1.0091407128940517E23
3.833284171876748E22
1.2508310981670464E22
2.971882384014765E21
3.1060397155190256E20
5.506029614656202E19
0.0
1.3025056912803267E19
9.5233725917257E19
7.155230526527565E20
1.993599802077644E22
1.0512832992782744E23
6.854066262419155E23
6.357741231598323E22
1.8577296633267126E22
9.791870589341341E20
3.580834053982855E20
3.5238511169987784E18
0.0
0.0
0.0
0.0
0.0
0.0
9.570067645303324E21
0.0
0.0
0.0
0.0
0.0
0.0
5.0208663031095936E16
2.80010109073314752E17
3.4702840357332065E18
3.942881145717603E19
2.7229890833132375E20
1.3043894076978443E21
2.5446904839888703E20
4.582229549046992E19
7.1654127155644457E18
6.8227471013448013E17
6.2751426464390752E16
0.0
2.1134738595453188E16
2.46091476640098016E17
2.06374974265208755E18
1.986443751641226E19
7.046745065102469E19
4.5518072171715985E20
1.2830887429249786E20
6.3233555980154931E18
2.402732975429996E18
4.3324271459183757E17
6.719282166353952E16
0.0
2.052919673306644E16
1.6830936719655216E17
7.1646709439203046E17
5.2022255991345654E18
4.712934746785035E19
9.056978428139895E19
1.086824958663451E20
2.982236570389076E19
3.5811640160194488E18
1.78810254533305882E18
4.2698924989161062E17
0.0
8.6688673273516832E16
6.9606366830447987E17
1.75058474506202266E18
1.705230235917255E19
1.8124387614159543E20
8.315930368497336E19
3.406683914450411E20
9.22946584929873E19
2.9755566521983762E19
8.6751980714113188E18
1.45542555522031795E18
0.0
4.8227551226598451E17
1.86710594344844186E18
3.5355601961423544E19
9.433622915950092E19
6.919687860202934E20
7.786338222668248E19
1.190362548398702E21
3.514683591255998E20
9.561795587373703E19
1.211069541600711E19
1.1227609214129097E19
0.0
2.25644538214092544E18
7.1009908409994947E18
1.7767253090725033E20
9.162757065293502E20
1.9531536828832536E21
0.0
2.1332725711718675E21
8.512467885616107E20
3.6481719952381746E20
2.3747341429060452E19
1.1254341489885362E19
0.0
9.494430189153761E18
5.017020146220733E19
9.987550306407555E20
3.179240048025268E21
8.539590945344052E21
2.390505262019943E22
7.722421852279097E21
4.567292643021016E21
1.7304951929622338E21
1.4233579526554776E20
2.5023805957685522E19
0.0
3.604008858576157E19
1.2043923295733983E20
4.458121884366454E21
1.0346501673342017E22
3.783811633041935E22
5.010101095097204E22
4.848558002935162E22
7.643827643176664E21
4.6742080232707326E21
2.049084121070101E20
1.231969513168242E20
0.0
4.2985049265118904E19
1.564504362593112E20
3.412045264902895E21
1.2995875134827745E22
6.108244846311994E22
1.6578374487200703E23
1.0027029133905776E23
2.6151081285349087E22
4.56486752098396E21
2.4986895102398916E20
3.738573948597847E19
0.0
4.2080296212838216E18
1.6691725522560602E19
7.92621824336452E20
1.4523996681013996E22
2.140589571489412E23
5.190260511398244E23
1.3231049889863668E23
1.71205202484038E22
6.260518822819704E20
1.0789239145115615E20
1.81406155434391834E18
0.0
0.0
0.0
0.0
0.0
0.0
0.0
0.0
0.0
0.0
0.0
0.0
0.0
0.0
0.0
0.0
0.0
0.0
0.0
0.0
0.0
0.0
0.0
0.0
0.0
0.0
2.3411024851839555E15
6.8149324174033696E16
1.46972517809436109E18
1.1256653277819863E20
1.7173681139297946E21
1.2051068044081674E21
4.130522711612935E20
5.380978964924973E19
2.5143373420384748E18
1.3554882873829856E17
0.0
0.0
8.610819538572368E16
7.2071536188378854E17
7.0294765168167096E18
5.790602934336382E19
2.8565656855096984E20
6.254484004985645E20
2.7528410688216357E20
3.6033288232131576E19
7.1161205845350277E18
9.0650364586655091E17
0.0
0.0
1.9155335044064076E16
1.64874552153026336E17
2.4376319289070285E18
2.017723843026222E19
4.124595383822146E19
1.2338656675476436E20
3.9521873631546884E19
1.0225104788937404E19
2.7610105073267446E18
3.8752631934487475E17
0.0
0.0
2.9209537841653076E16
2.40045066229557824E17
7.0245800948698227E17
1.3685694885210763E19
6.8577931150397825E19
5.463373746108131E19
7.015023870871969E19
2.799118382631591E19
6.3316640380033085E18
1.19772146211765709E18
0.0
0.0
1.14820105305567888E17
6.2936492725686682E17
4.7454229595086787E18
3.4231755084144853E19
9.468015266106907E19
5.723334197706049E19
3.663992772840628E20
1.3353542143234151E20
4.344390025419182E19
8.8854845600446802E18
0.0
0.0
4.467096904808073E17
1.62119813604867174E18
1.6857520117877627E19
2.8339657008118196E20
0.0
7.502591249222527E20
6.092597464884272E20
2.9801456262283526E20
8.223617570819578E19
3.1651801425894334E19
0.0
0.0
1.70205901225184666E18
2.799569236923773E19
1.903720322883291E20
4.261655672092261E20
2.647414259314299E21
3.082408743889192E21
2.2636492194914595E21
1.1991505351429147E21
2.8878394514211406E20
4.152480969474848E19
0.0
0.0
9.93390413647909E18
5.087322223412225E19
1.0867586014040295E21
5.137642812364945E21
1.0075875752968054E22
3.0017628821599547E22
1.0467661226041212E22
5.447303132375736E21
1.245384656167594E21
2.4102709482706865E20
0.0
0.0
4.770661180719172E19
5.48216306970801E20
4.3650944981699815E21
1.204902500203223E22
3.0012009385427347E22
5.707563065289972E22
4.4624465376447545E22
1.696205861702529E22
1.8950751708803613E21
3.516192701549601E20
0.0
0.0
4.014870343535349E19
1.2392772162895497E20
3.443963582003294E21
3.4858370431879567E22
2.1737111772556476E23
3.058279698752292E23
1.0969466294029923E23
1.6455748672844441E22
1.988375167512585E21
1.6471834824716124E20
0.0
0.0
2.5708740285491292E18
1.128026958622994E19
9.335543156396293E20
3.2970590280388285E22
4.187542818822958E23
3.696090275240873E23
4.8256266282566E22
1.0374160207906125E22
8.266048108603176E20
7.506396672808101E19
0.0
0.0
0.0
0.0
0.0
0.0
0.0
0.0
0.0
0.0
0.0
0.0
6.427397797830261E15
4.527689562513948E16
1.1609607986384361E18
1.1011251034220601E19
4.575215316292642E20
1.4518739803982586E21
1.081322058081143E21
1.568997018133201E20
6.0932231337235702E18
1.3836226931854896E17
6.549947730395623E15
0.0
7.908883494506648E16
4.0697414563144038E17
2.2025403789342592E18
2.8885052927408833E19
1.4600153391388533E20
6.447827003083724E20
4.641344548715226E20
6.975053843382462E19
1.0605925433659656E19
1.88404882234433792E18
2.5265008834838512E17
0.0
2.716871235935302E16
2.71393229754978112E17
2.1553464420469353E18
1.7005708999748289E19
5.323930498272265E19
2.0833983001915248E20
8.051191308271025E19
2.2065566256393896E19
2.8632072104670351E18
6.7337513381850202E17
2.8170046372212584E16
0.0
2.8722806099290324E16
9.5196642070648592E16
9.4778291945197696E17
3.6840935823193866E18
5.255192372286396E19
6.507984337310558E19
7.076847268784485E19
2.8763359650623455E19
6.3668565195452488E18
1.87273607214728371E18
3.559462291014599E17
0.0
7.2147802069355808E16
8.5098891216519206E17
4.2925095666436787E18
1.3695382767846756E19
1.8918062229381048E20
8.584482471550475E19
2.724048821409344E20
1.7837983148727642E20
4.997268995679168E19
1.0066813051672447E19
3.4218042173987369E18
0.0
2.58106225427159872E17
1.10758737251435443E18
1.5414820822066799E19
1.4908601533917495E20
5.96708045112753E20
6.86660498253434E20
0.0
3.395877585427117E20
9.179237558360487E19
1.8633079009888305E19
1.000643218455695E19
0.0
2.5867371816704901E18
2.0774766670104023E19
1.621255727895281E20
5.097981380707939E20
1.9852582789640618E21
8.732978009858948E21
1.5502391029907933E21
1.5562028814569958E21
2.4584553795609068E20
3.712259370539595E19
6.0549966029386854E18
0.0
9.76862957420117E18
6.138319925224334E19
6.382217318950139E20
3.465785905749938E21
1.3685985838503586E22
2.480598997813816E22
1.6381789594462164E22
4.623020875849066E21
2.574622566523811E21
3.440119277966974E20
3.2260299607634026E19
0.0
1.7367150205399409E19
3.575707725552063E20
2.653790309502492E21
1.3265957171606994E22
3.2461780873824336E22
7.5358606754433E22
3.8699262150262955E22
2.2182973362166116E22
3.073938063700328E21
3.886321624790565E20
8.130446761153947E19
0.0
5.642722760395598E19
1.8840939899680755E20
4.6571477340436994E20
1.1112835664673786E22
7.309224996802838E22
2.4004529042769205E23
1.6160222537210368E23
3.02183073349738E22
4.765198858563478E21
5.014041598824169E20
8.3843868681463808E18
0.0
2.9633056752663455E18
1.5655071989758247E19
3.792972511398933E20
1.1213603251547332E22
1.0016467399387935E23
3.8555414999770264E23
4.19212122843758E23
2.374259708122602E22
1.8692926959570827E21
2.7457422943445246E19
5.1881398413203057E18
0.0
0.0
0.0
0.0
0.0
0.0
0.0
0.0
0.0
0.0
0.0
0.0
0.0
0.0
5.279865366884915E15
5.4939220579867664E16
1.4620982476199616E18
6.2683425331629834E19
5.602580653221347E20
3.344199141315378E21
6.493745600049368E20
7.946816210376984E19
4.7435713392839936E18
4.2823290181935768E16
8.019700533972194E15
0.0
8.16901154099008E16
2.74432841256168544E17
4.3318226803588562E18
4.310903963705923E19
2.104001871732514E20
7.313028623358228E20
2.7391202245518203E20
6.920477353617373E19
4.2617126375802245E18
1.14398486326768333E18
1.14549607231396864E17
0.0
1.5237048766861398E16
2.1777554567679952E17
3.0311026613265326E18
1.378109500669173E19
3.594449077254524E19
2.8297934195977975E20
6.42431274958472E19
1.1857759231485719E19
1.80615233367839002E18
9.9352494560391283E17
8.1383699944947792E16
0.0
1.8076199452308468E16
9.2006692074769248E16
8.9884665417001101E17
4.3602133068825948E18
2.825456861981331E19
5.731555013976994E19
7.002738605427332E19
2.0083980926377095E19
1.031682529843901E19
1.8102966309021271E18
5.4211473638766515E17
0.0
1.74368182268979712E17
5.0538964954373005E17
1.40983623421163571E18
2.1970077018891403E19
6.203146873760863E19
8.709775860607977E19
5.357602321651814E20
1.1642580258928108E20
4.223848234499411E19
1.3226382679553116E19
1.02350596225041843E18
0.0
3.1592432925181453E17
1.44389156098099712E18
6.56028662285043E19
3.6936391395486794E20
7.440734821358746E20
0.0
6.096590103900077E20
3.4702532321491504E20
1.320337075749872E20
2.9331116672663482E19
4.3868659496928323E18
0.0
3.4773222331035228E18
1.3601805313248864E19
2.2280841072635547E20
7.498522100180601E20
1.6329190724593836E21
5.653763757581387E21
2.2537134968528327E21
9.811733989401934E20
2.653340684053709E20
2.8695219715229032E19
6.9299664639849841E18
0.0
1.2733827870776693E19
3.2731778354819686E19
4.595133470552951E20
3.1504970665552196E21
9.119768993747534E21
1.1751508172167696E22
1.8041507558296073E22
3.709461118048109E21
1.422516996572584E21
3.3002809922806736E20
3.690945906178107E19
0.0
9.067317889757499E19
3.5629776574804846E20
2.754449622576448E21
1.244221103041572E22
3.23796488476528E22
5.491989703663438E22
5.769601233302301E22
1.486052484668944E22
3.006781367545676E21
3.2725569055351085E20
9.395670591874985E19
0.0
3.788256233667971E19
2.4673916962074008E20
2.51512609492049E21
1.4121515623353822E22
1.256766368925676E23
4.03156308876701E23
1.0221745972792868E23
1.6599825577499962E22
4.001680382721787E21
4.3716011153421815E20
1.4573194959925037E19
0.0
2.18791939339828864E18
8.9242599449566925E18
8.403483169006339E20
2.5091496729236654E22
1.9896455827399712E23
9.092907614489482E23
1.3569376142196594E23
6.79604451278741E21
5.575545861299652E20
1.34674777039833E20
2.6640922609481329E18
