0.0
0.0
0.0
0.0
0.0
0.0
0.0
0.0
0.0
0.0
0.0
0.0
0.0
0.0
0.0
0.0
0.0
0.0
0.0
0.0
0.0
0.0
0.0
0.0
0.0
1.1500442445438924E9
2.4901109641741486E10
7.166373681953452E10
6.121345885184431E11
1.4890943647296643E12
6.348447175136678E12
3.3763686834412314E12
7.406456999203286E11
4.175524708057812E10
5.079857211800919E9
3.9811288206413627E8
0.0
8.039246448216906E8
1.1125081727614185E10
1.844850637026286E10
2.2983101160323685E11
8.755165211405819E11
1.9524509640698003E12
2.2146595729615117E12
3.414446219551771E11
4.948946001806036E10
8.088720678025036E9
2.848287515832151E8
0.0
3.8661207518214936E9
1.1715687649685413E10
3.443833646171267E10
2.208812331158346E11
4.271818711634706E11
6.285259342011852E11
7.346179854850173E11
2.119861378251049E11
2.124453814463755E10
3.2837909614993362E9
2.7607788178789455E8
0.0
1.0570586680181725E9
6.204860634281356E9
4.0887555854964294E10
1.0145074635247337E11
1.5764176119358176E11
2.0217391061255432E11
1.5781814097226486E11
7.506320645077573E10
1.813592977807003E10
2.689685670395958E9
5.398570796899333E8
0.0
8.467385749255844E8
2.9652954479102464E9
9.872000217189472E9
3.014234248311418E10
7.253756150109103E10
0.0
1.7130493405798712E11
5.5199323933060974E10
1.85834017376053E10
6.1455977386125345E9
1.3688226096908624E9
0.0
5.952725648367041E9
9.482374991095507E9
4.1452047585918076E10
6.284688561576926E10
1.0951364721836382E12
8.192783066879041E12
5.2389090075746387E11
2.1275988693001016E11
8.247376715599626E10
6.740174424379687E9
1.1058288963947213E9
0.0
9.130944927777126E9
1.257563493107049E10
7.23464942408052E10
2.029078466502813E11
2.860186733298548E12
6.8630469284888955E12
2.3643732961521577E12
1.5649939725692659E12
2.873942679640409E11
4.8077087046075264E10
3.8904826878750343E9
0.0
3.08349716716703E9
4.6835456786298195E10
3.090308194727505E11
2.6059947789419517E12
1.0087097918756855E13
5.293650167839541E13
1.6700826130211732E13
4.811752553542108E12
1.1471860200686528E12
2.340899677754804E11
6.237898081241708E10
0.0
1.5694216757008171E10
8.449163927750383E10
1.3804823406602686E12
1.1984983940257283E13
7.0297356901166445E13
2.1212018551235275E14
9.515671736497945E13
9.746002968945764E12
1.4599837155778862E12
4.425511805836829E11
8.142636901664346E10
0.0
1.6214198499699278E9
3.315695751802913E10
5.798375520802025E11
1.834852046792662E13
1.5352897694159184E14
9.596475813451051E14
1.495337113015341E14
8.03392040756284E12
1.6267702844087283E12
6.027820340060333E11
5.8040076717232346E10
0.0
0.0
0.0
0.0
0.0
0.0
3.985074952161976E13
0.0
0.0
0.0
0.0
0.0
0.0
4.798609733719597E8
5.392596272601863E9
1.3632082072898169E10
1.886586070232094E11
9.681427467298259E11
9.467913995279754E12
2.183442430481466E12
1.5746510095784048E11
2.5240389098701946E10
3.4380304001535835E9
2.0061544053957415E8
0.0
2.039424102737358E9
1.3225913863276432E10
2.829577610978041E10
9.902713201184386E10
4.042238906544346E11
1.348978032210651E12
1.1297745102013928E12
1.958814213470929E11
9.312049756495516E9
1.9582568848355873E9
2.2470863978049394E8
0.0
1.8508639985869665E9
7.9994811611948185E9
3.48674632867727E10
1.2477731141376825E11
1.7766426405832047E11
3.1766340814055365E11
2.4242748422984753E11
9.251127920252379E10
1.153019361825752E10
1.670096995044609E9
3.8889949633346856E8
0.0
1.0387918769266438E9
2.988276497103036E9
8.468645003347458E9
5.503529694059057E10
1.0014847603209683E11
8.675366295499728E10
1.914662714814164E11
1.1454603559077603E11
1.324102192322702E10
5.8528315936969E9
1.7909538145293603E9
0.0
4.0275708988565483E9
1.0213062491511757E10
2.988745155225896E10
7.148071809965761E10
3.919471047163966E11
5.9027850180995255E10
5.823669746394939E11
2.876707735504014E11
6.608832380322739E10
1.265239941740044E10
2.481880548440095E9
0.0
1.44732932555723E10
3.1096685748748695E10
1.4948916230041238E11
4.102560639667765E11
3.3257321192664844E12
0.0
1.888526541962535E12
1.0515279589715085E12
3.167204811426363E11
3.633107641220982E10
7.014197789269419E9
0.0
2.1001047177017379E9
2.668697562874978E10
2.9909795943266003E11
1.9610127509675842E12
9.556043297021424E12
2.5950701433366395E13
9.201796429306877E12
6.428608798111042E12
8.847602577378693E11
2.8816653885640265E11
3.4053011390918167E10
0.0
1.7511935488985718E10
2.094778185360537E11
1.318156852414666E12
1.4182830169671727E13
2.9994661113983543E13
1.492072587667954E14
5.3502264661605555E13
1.4899219614593057E13
1.1217008662306372E12
4.1267807015028253E11
1.0526512377819234E11
0.0
1.0428727396399202E10
4.770792595030318E10
1.566606929360641E12
2.1488258511786047E13
1.3962999254173466E14
4.4515484041006125E14
1.838515962336318E14
1.9283109065123758E13
4.2785522047533657E12
9.726072397969784E11
2.2148439833681348E11
0.0
8.698319060658627E9
4.522651540736459E10
3.8692071607953335E12
3.2365628290039633E13
3.099883672711926E14
9.007824281992415E14
2.4795337668420606E14
3.782814987535416E13
4.320447260644805E12
1.4755092614217526E11
3.610099333974948E10
0.0
0.0
0.0
0.0
0.0
0.0
0.0
0.0
0.0
0.0
0.0
0.0
0.0
0.0
0.0
0.0
0.0
0.0
0.0
0.0
0.0
0.0
0.0
0.0
0.0
0.0
2.012634930957185E9
1.9395191538301395E10
7.387698844744714E10
3.801906217917093E11
3.4410432237897573E12
5.443377335409549E12
1.978619884278087E12
1.5623296842383014E11
2.7397145490018314E10
4.166766435384747E9
0.0
0.0
6.909488024164054E8
6.246961046838973E9
2.281050781822992E10
3.2410059495882666E11
1.6962938589259402E12
2.268684718919467E12
1.1107589102011265E12
2.803072154399226E11
5.563730240247764E10
1.6076633831614566E9
0.0
0.0
2.350918831245724E9
2.163630439819715E10
7.662982427510544E10
3.830627097642954E11
7.585002564885863E11
1.1476594776347627E12
6.560186199399849E11
9.434966940537305E10
2.4455778080960564E10
3.046688399633717E9
0.0
0.0
3.1462294866134224E9
1.0483382476288605E10
3.869591206537048E10
7.832159189540956E10
1.4165680048001706E11
2.155075497803395E11
1.9267319759266364E11
5.22501010652211E10
6.301495508433642E9
1.5838712730139441E9
0.0
0.0
9.264829913651792E8
7.169679372425047E8
1.0871986330414135E10
2.8631804366530323E10
5.95794979175226E10
7.726906430238766E10
1.4654386188967075E11
7.239297074863579E10
3.0883509253106636E10
9.646724703404116E9
0.0
0.0
5.115104790540479E9
1.0826351861116741E10
3.0901582210814537E10
8.061448941547226E10
0.0
4.858853175682017E11
3.797678916364349E11
1.1507992323153366E11
3.67832551947775E10
8.13985561717425E9
0.0
0.0
6.863546719155945E9
4.964280258492016E10
6.368907527384968E10
4.716531649271622E11
3.570788015111346E12
4.445344665216176E12
9.985086969418152E11
1.4200991338108574E12
2.2666621062813687E11
3.0290263711455494E10
0.0
0.0
6.31761422821142E9
2.7058688393506805E10
2.0284832057357394E11
1.1531951213966611E12
1.2930457122897525E13
2.6912182860720316E13
1.950618888388335E13
7.486686910558396E12
1.6718316955198604E12
3.173118075547822E11
0.0
0.0
1.2802162075381674E10
2.1662113506964545E11
3.399020188677644E12
1.37978778367885E13
4.07284364369147E13
1.3489571694291064E14
4.1219509483091625E13
8.123323839676832E12
1.593769642151663E12
4.1571089887061847E11
0.0
0.0
1.1814639451342415E10
7.385456330065053E10
2.542118986639833E12
3.924983778710269E13
2.4665445311746078E14
4.341872952049389E14
8.337780324440622E13
1.3640695792913766E13
2.306182076858417E12
5.121761902621182E11
0.0
0.0
2.548271136288471E9
3.892287993548918E10
3.139299727991298E12
3.1363380562073746E13
7.59759278453293E14
6.518254962174999E14
1.3030171662994184E14
1.6123458309182387E13
1.5664971057416584E12
1.4700310885721014E11
0.0
0.0
0.0
0.0
0.0
0.0
0.0
0.0
0.0
0.0
0.0
0.0
1.4996775688302193E9
9.493311847665842E9
6.908856379924918E10
2.54310542003126E11
1.2090228216244795E12
3.422194929981561E12
6.806938740699201E12
8.700460942546896E11
5.253236897574754E10
8.245428733820144E9
3.176333764272878E8
0.0
8.7193845904496E8
5.34347863543464E9
3.3779947833446724E10
1.1365620256026764E11
5.938491975369224E11
2.695574883424097E12
2.750747468915549E12
6.599345537285842E11
7.57643250995333E10
5.230291635218182E9
1.2451186029198897E8
0.0
2.4369211720850544E9
1.5174069331449242E10
5.229410831811671E10
1.951217870417249E11
4.7611547749476953E11
1.1017927116646416E12
1.0216758709749415E12
1.7233638086324335E11
2.627423961871021E10
6.761819021435511E9
5.584284714810476E8
0.0
2.8940127443665867E9
8.90577213630712E9
2.758640029118921E10
1.0455088195588852E11
1.4066152371038876E11
2.4076538887466006E11
1.9588524622848688E11
6.57543605473324E10
1.45390054474194E10
1.409392451570918E9
3.9480824361678684E8
0.0
6.509769449101783E8
3.2390315735180936E9
7.194904341027565E9
2.8681598918801533E10
6.779601254570092E10
6.6497301910335655E10
1.7101797815666263E11
4.943886051234046E10
1.7845222833908943E10
6.388483536648262E9
1.3029792660952268E9
0.0
6.439046322915304E9
1.3780225415017052E10
3.2852407903625927E10
9.574741214726926E10
4.268919158855696E11
6.620603554979392E11
0.0
3.3536617570064215E11
1.0442709465595125E11
1.0890078313714174E10
1.6059636869887323E9
0.0
4.030853276023827E9
2.818534627448723E10
1.1264803435947234E11
3.1943374108180414E11
2.267594309627233E12
8.928952331033705E12
2.028331570894044E12
1.382429631662748E12
4.8655808412309357E11
5.0159410255713104E10
2.9435568179265733E9
0.0
2.794779471623286E9
2.1997532550188118E10
1.7493593757687122E11
2.0318201631395647E12
6.9305389082636045E12
4.263960260306915E13
1.802908043642038E13
6.012398986074174E12
2.523095431389497E12
3.8201450617941534E11
5.3606700774017265E10
0.0
1.0964413477173874E10
8.59487330104631E10
1.0096496263167798E12
9.76324300596355E12
4.021014965373117E13
1.2336038590452625E14
4.2806050490537805E13
1.6310814348364398E13
2.6402402650953867E12
1.4326312275660098E11
1.0301561912399231E11
0.0
1.3133878190974424E10
3.1728104810210373E10
6.832899103123397E11
1.0195696933931117E13
6.341991017302035E13
4.073792523365108E14
3.006342602128104E14
4.483952112829985E13
3.713191441497016E12
6.561745168145583E11
1.2459651252312244E11
0.0
9.309806919469488E9
4.703433345151424E10
8.281281324656998E11
2.2985399960142492E13
1.2501645787409728E14
7.533952148082649E14
6.048920248344505E14
6.0533206791008586E13
2.9312102040052827E12
3.2340453162228455E11
1.516691351147094E10
0.0
0.0
0.0
0.0
0.0
0.0
0.0
0.0
0.0
0.0
0.0
0.0
0.0
0.0
1.2874239519187303E9
1.7158760628896786E10
6.789184405071003E10
2.1733146682950842E11
1.3887654713298083E12
9.390714046166951E12
2.8461563259812134E12
6.543558883151302E11
6.021368976570528E10
3.2323802794769077E9
4.361898072879506E7
0.0
4.602177022161753E8
6.232378095218958E9
3.3301269462895794E10
2.4187691922818E11
1.147021900292E12
4.807383584402937E12
1.97644795151836E12
5.81492688497021E11
6.421072201387831E10
2.574435003368811E9
2.7435465813444406E8
0.0
3.861033111891532E9
1.4951390889424297E10
3.248628472056667E10
1.9186742983889E11
6.55889387903464E11
9.514554648445099E11
9.292963015049142E11
1.5726710691759515E11
1.8610261059075634E10
2.9128582266616354E9
5.3360299826124656E8
0.0
1.499084495706689E9
1.1197634880788122E10
3.829177097950552E10
1.1116583192525012E11
1.353435025597146E11
2.876290894602253E11
2.3992340029627374E11
3.59854599806223E10
1.7176354477340212E10
1.6187357558656983E9
1.5775056243122303E8
0.0
1.048453507040448E9
2.5932085208541594E9
1.0927313645417404E10
5.3546406112206345E10
7.559989813010693E10
8.095548995432327E10
9.273190266246454E10
5.947757310484201E10
6.542545923944104E9
9.182327739081408E9
5.825784384985399E8
0.0
5.6585555381483345E9
9.755806351367702E9
3.5727914167246895E10
3.512849747714942E10
3.351247015258151E11
0.0
6.087237796600514E11
2.7090513335422925E11
6.747445713390767E10
7.070380617547494E9
1.796402389318692E9
0.0
8.592040547356966E9
2.932716274094709E10
9.984521041485834E10
4.860924357829613E11
1.550346937447001E12
8.261327317147037E12
2.0406245224743376E12
1.2000973827161162E12
4.0257252610964526E11
1.8204516394081E10
5.381849248025535E9
0.0
3.0805713187313232E9
3.510340164372799E10
1.5236408606757138E11
2.7787441846434277E12
7.536305379062204E12
4.61034431885184E13
1.717298222072984E13
8.139449586425903E12
5.847437293809462E11
1.2416420319792383E11
4.22995876962094E10
0.0
1.776563183381646E10
1.4212921955246136E11
1.6551427843184683E12
8.38457457285918E12
4.112667661879961E13
1.3191715251123952E14
6.961029675525957E13
1.2529522604639521E13
1.5821954485623296E12
3.5232183004615344E11
1.2172908797250777E11
0.0
9.923409698695631E9
5.188300411947893E10
1.0668223837149807E12
2.1594316884065484E13
1.3014947272191838E14
5.323345126066627E14
1.323056039377286E14
1.2825207140297943E13
2.5992124659759424E12
6.461310552516454E11
1.4388389381837424E11
0.0
2.628246429052249E9
3.8219059015557013E9
2.519301456852305E12
1.2962496951616389E13
2.5158191921803575E14
1.768928216805951E15
2.957792191555314E14
3.537750094077891E13
2.1369838100236216E12
4.557061411927536E11
9.218724953836166E9
