0.0
0.0
0.0
0.0
0.0
0.0
0.0
0.0
0.0
0.0
0.0
0.0
0.0
0.0
0.0
0.0
0.0
0.0
0.0
0.0
0.0
0.0
0.0
0.0
0.0
4.325720992059707E10
6.349229605398142E11
7.331520490840658E12
4.492680800192296E14
1.4374130983161835E15
4.1953746812252515E15
1.572292631367845E15
2.2678930556168338E14
1.442180962278679E13
1.8465914826570586E12
7.191112302843385E10
0.0
6.213560520871782E11
4.2803096179435654E12
3.3201706752593605E13
2.2684941559175206E14
7.092587382395672E14
2.2013101508113695E15
6.481719982743439E14
2.0750448843986956E14
2.8748936174972656E12
1.7126110607592302E12
2.4572972484885364E11
0.0
2.3673321063166772E11
1.3513345291882646E12
2.2957544673622887E13
1.093329766058496E14
2.863498050430055E14
9.599966303652176E14
2.1572066201168956E14
3.2883759919285766E13
5.140072712390047E12
1.310394061015995E12
3.5745146928210205E11
0.0
3.316480753829818E11
1.7096539174357039E12
1.555764741468868E13
5.5410958191774164E13
7.73170439101774E13
2.550657493483006E14
1.5118841038292097E14
3.746518457966884E13
7.241918517075605E12
1.256560001407857E12
2.824758587268693E11
0.0
1.171854989253793E12
3.892133688392194E12
1.8604447989835844E13
1.3343579522392797E14
2.1056446545883212E14
0.0
2.4126404398086497E14
2.0945589126093E14
2.833871287673003E13
6.457102511728272E12
1.0521030404316909E12
0.0
4.247380732554718E12
1.1367068224830602E13
1.131255811379454E14
5.276893787602989E14
2.5786925091011795E15
3.6247489638902576E16
2.2029369326934948E15
8.316983509691084E14
8.916063838404294E13
1.653579255124914E13
2.8295794573549097E12
0.0
3.3130129115712896E12
3.7670562361723945E13
3.749156015149138E14
1.7156659695193092E15
2.4536959178635128E16
2.8675824783570976E16
1.4174590285074866E16
2.1852937917405555E15
4.9618236936589806E14
5.364902438763983E13
7.998434064574186E12
0.0
3.693951727184137E13
2.3810397929230362E14
1.6015575778860525E15
7.030367262136696E15
1.01375604845062736E17
2.48786591534749632E17
5.2282803816249864E16
8.871336049620191E15
2.0706526512468702E15
2.1690064302731456E14
3.6855730387700875E13
0.0
6.254218168283753E13
6.40701519909429E14
6.311456666715793E15
9.7975992771401952E16
2.53312206647442496E17
5.1593058444124723E17
1.41960000528457728E17
1.446472823473926E16
3.131884533191952E15
2.04185194159773E14
4.238649190523794E13
0.0
9.4441171222586E12
1.7807257894332534E14
1.1109259555343875E15
5.834628253883932E16
4.2640280875051904E17
1.4300420998929961E18
3.2684832878528326E17
1.02074723129495632E17
1.0236848052739994E16
2.8001262751750984E13
2.896297757790465E12
0.0
0.0
0.0
0.0
0.0
0.0
2.3005976398623136E16
0.0
0.0
0.0
0.0
0.0
0.0
2.445838599300675E11
9.163337624342573E11
2.491573298639705E12
1.9415411771878178E14
7.46932645822056E14
4.985398255451148E15
9.656597646611524E14
2.6586605943618962E14
2.5283679501905806E12
8.374414105148073E11
7.154485391618845E10
0.0
1.9529424471100677E11
1.2837341738039028E12
1.5075639177219598E13
1.0873261935399119E14
4.946766637409131E14
1.1077786044596946E15
2.500458216022091E14
5.025500284550945E13
3.0739982473425E12
6.641774044895935E11
2.4789251476270728E11
0.0
4.1389021548690173E11
1.9717716069100146E12
1.1210453628619553E13
5.482687514966719E13
1.1121397401132236E14
2.9633546712299075E14
1.7581253862592744E14
3.0507512849685453E13
8.309624163507816E12
1.5238658890480078E12
4.973159724544184E11
0.0
2.0150788220142072E11
2.905408204329295E12
1.924689348571577E13
1.417897471729547E14
1.601152739915985E14
6.604127029353582E13
4.921259089083479E14
1.601023414054603E14
4.9720303538328875E13
5.534092013720739E12
8.417368287091875E11
0.0
7.082099367952104E12
1.0518889203239227E13
6.496199211775423E13
4.855002392982996E14
9.550307342118826E14
8.787473533079336E13
1.4228070660287375E15
9.265369821311701E14
1.2894581991158811E14
1.6701624635355812E13
2.6565872154799365E12
0.0
7.07002162653216E12
5.808127903698062E13
3.517756020258334E14
2.0163953431570605E15
1.1234153392447532E16
0.0
1.0192342740584666E16
3.15421489895136E15
3.6440784810445025E14
4.303331967591335E13
8.130630707581036E12
0.0
2.6781341065848555E13
6.311747687066116E13
9.631013262929935E14
6.478922269377924E15
8.4213144809987808E16
1.52262119738859712E17
4.4336759223269928E16
1.7568576060092202E16
1.6059685433808588E15
1.7809534071450016E14
2.8232950597551836E13
0.0
6.777846268087031E13
6.683320557960908E14
3.304799335737854E15
2.9640152255853748E16
2.46846405587064448E17
6.3857293741530854E17
1.64379578137516992E17
2.44854986269238E16
4.953740226951491E15
3.9650277094706125E14
7.178066444095162E13
0.0
1.0312144533349294E14
5.44598295543667E14
4.671883767222104E15
8.2475499301843056E16
3.7478328403985645E17
9.7322054484195226E17
3.087528235380736E17
8.424269479514032E16
1.2308725079746902E16
4.8716419527718456E14
2.299519085686197E13
0.0
9.317808842058006E12
1.1612772242311884E14
7.427559410077184E15
1.12592781656226656E17
5.8856853005334042E17
1.2924716781534441E18
3.6875607598686035E17
9.0893687693665696E16
2.3479981082410415E15
6.663640318983875E13
2.688887756734615E12
0.0
0.0
0.0
0.0
0.0
0.0
0.0
0.0
0.0
0.0
0.0
0.0
0.0
0.0
0.0
0.0
0.0
0.0
0.0
0.0
0.0
0.0
0.0
0.0
0.0
0.0
3.996974917518225E10
1.0115893713478954E12
1.7352756006044996E13
6.869258167991389E14
2.785002443233728E15
4.618451839206747E15
1.13842328921586E15
1.2197465885917619E14
5.678034710235596E12
1.885664526330558E11
0.0
0.0
7.4775933125401E11
3.885801841208135E12
2.634202863233169E13
2.6251217246731462E14
1.5613249261807588E15
2.214519101812908E15
1.0183464361719909E15
1.783308645381957E13
5.729510953109516E12
1.6042103133846538E12
0.0
0.0
4.369014042882859E11
2.403597206377887E12
1.9351611524924203E13
9.176744252283616E13
2.826199737338157E14
6.649303294468688E14
1.861793030494821E14
2.288558541439705E13
3.9159777530757935E12
1.087869918224912E12
0.0
0.0
6.210774338029946E11
4.2674169411529546E12
1.9773671820310176E13
5.3924230423775805E13
9.48557676369672E13
2.175947389266831E14
1.1800138356437105E14
3.363764290972889E13
5.635351964325516E12
2.233405559410733E12
0.0
0.0
3.947545500714809E11
4.634997331325875E12
1.915686008522199E13
1.1907450235131025E14
2.917414964224861E14
1.0935697725786728E14
3.6611552764940825E14
2.687305679624779E14
4.411383511015421E13
6.995722704307258E12
0.0
0.0
6.933480462642771E12
3.0625358156001613E13
1.0006231250929706E14
2.6072395965831488E14
0.0
2.0109311562529748E15
2.0786373595842362E15
6.099514031484088E14
1.1517162658852817E14
1.4677304529626742E13
0.0
0.0
8.760847231563375E12
2.5558364865515344E13
4.409955115207536E14
1.552032854231005E15
1.1054827058570316E16
2.5239072468347512E16
1.1291326563441756E16
2.382371592318981E15
2.586760247618312E14
4.01559742670787E13
0.0
0.0
3.3528206597054297E13
2.612649790190815E14
1.1458922703524775E15
1.4222506303706004E16
4.6722330733881664E16
2.20384218024718432E17
7.0523999248718256E16
8.243968995676936E15
1.2231776496990982E15
1.859263677056705E14
0.0
0.0
7.290955249215686E13
9.043835873642764E14
1.64908875702624E16
7.2763598108211552E16
1.82381647982915904E17
3.9341996258294854E17
1.05829294211981968E17
2.8398915737805864E16
1.5431344344145945E15
2.7318542993548803E14
0.0
0.0
7.371705533576905E13
3.249409525866126E14
5.83099344777051E15
9.8772318065183936E16
4.4728627927164083E17
7.1025103230286656E17
3.111450237222697E17
1.09442729525407456E17
3.106828476845769E15
5.2785251811671244E14
0.0
0.0
4.73681736049447E12
1.862723681681044E14
8.439128768161559E15
2.3461670529625488E17
1.45562761512854195E18
7.0376554131424781E17
1.3004584784756936E17
1.5613378339594068E16
2.4747894237787995E15
6.196384235906586E13
0.0
0.0
0.0
0.0
0.0
0.0
0.0
0.0
0.0
0.0
0.0
0.0
3.0045026376544994E10
1.6609041313503247E11
4.474545769010311E12
5.888934358926791E13
8.144477597286255E14
2.7252613028432165E15
5.559861893481835E15
5.3749058398980675E14
2.059225446462702E13
8.001934213523201E11
3.851408598375668E10
0.0
5.3285081404953467E11
3.4497291433731895E12
2.085354589429938E13
1.3651610119547889E14
5.69367812857466E14
1.5740004419934155E15
1.291216665408566E15
4.617085629796636E14
9.864762364394305E12
1.5206436080794365E12
3.325418589638374E11
0.0
1.729229805345161E11
1.6845696958611611E12
1.2075964770337477E13
8.16142501935454E13
2.9844751267190656E14
9.422474261961898E14
3.442305887222119E14
4.672611991468889E13
5.210684217329166E12
1.1625078155893975E12
3.1185255494231104E11
0.0
4.230669706032036E11
3.642815128725865E12
1.5584810060554887E13
5.49672019469441E13
1.4076058885712597E14
2.470009786152883E14
1.0651927809989297E14
4.622143375201389E13
8.008611428769869E12
1.1215670095885537E12
8.397583739387043E11
0.0
3.66218913353042E11
4.134431073135765E11
2.3149868464948363E13
8.591821974443533E13
2.2937088271072988E14
9.443521095255894E13
2.2321610171158412E14
2.84234619428479E14
4.4239613073424945E13
9.517968659612365E12
1.27729551388911E12
0.0
4.791152204406342E12
2.539218258833173E13
7.103298396120098E13
3.482473263524526E14
1.6992951866855205E15
1.3274644458902632E15
0.0
1.4775920856493162E15
1.570628475204663E14
3.2674985529954555E13
3.19144302517727E12
0.0
7.511878958109216E12
5.004949790496615E13
3.866932745944155E14
2.2063218717273998E15
8.360801885428394E15
4.0791745286795368E16
1.0361160686122644E16
5.294926274283713E15
4.601157734194065E14
5.983827907411843E13
9.220204328944564E12
0.0
2.2944034261619723E13
1.826572666425446E14
1.1858706531066095E15
7.680855407976851E15
6.1564531542762064E16
1.13548463110869488E17
6.4678122350312848E16
8.783309351405694E15
1.3356556344939648E15
2.272822293119023E14
3.747347080460764E13
0.0
3.4567225996255992E13
6.780578838345012E14
5.383381626822393E15
6.9206481352106152E16
2.39225563520655616E17
5.3461473879095098E17
1.61241169926302368E17
4.4887331673180832E16
5.618540535244972E15
2.3352017545346188E14
7.98698392218707E13
0.0
8.56639485825616E13
4.5781898265951425E14
3.749185834859728E15
4.0289573187093312E16
1.83806190568460768E17
6.3523714231073536E17
3.7181163147292858E17
1.49187326001508352E17
2.3698476138666864E16
4.9474320050020906E14
3.705555409095001E13
0.0
6.756353319014195E12
6.6004252410601484E13
3.161661820930957E15
4.640568451043792E16
3.601815521675239E17
8.8651056686734912E17
8.7792969127458227E17
6.2240424381763576E16
5.220818753791396E15
2.7957154260640006E14
1.2372640473895132E12
0.0
0.0
0.0
0.0
0.0
0.0
0.0
0.0
0.0
0.0
0.0
0.0
0.0
0.0
2.6156050016141636E10
3.322441281949597E11
8.004400374941664E12
2.706425989793557E14
9.220115263904042E14
7.029723813100143E15
2.4701959957614125E15
2.939576527225907E14
1.3097144242926307E13
6.851551281404742E11
3.334221015689655E10
0.0
7.605809584029926E11
2.828871729790521E12
1.0999453651645328E13
2.3961642675224184E14
9.097453493661826E14
2.5437900846927805E15
1.199349030933169E15
1.7166561438784134E14
7.499642592306605E12
2.059960749242293E12
3.4714142387275977E11
0.0
2.5538024231921317E11
1.9245548143509453E12
2.437481493366035E13
1.1251379536356439E14
2.0115521365633488E14
1.0734237767801569E15
1.9971147873085456E14
1.9905993118928547E13
7.021010054260891E12
1.9303761872151199E12
3.4324029065360034E11
0.0
1.732531603368589E11
4.57064348865579E12
1.8317634322345855E13
7.541406175809061E13
8.408280473570797E13
2.643550226534996E14
1.1887731352209377E14
3.547510523117716E13
5.171866264522282E12
2.7181520745082104E12
4.607020809553773E11
0.0
9.813886175262378E10
2.613276323234393E12
2.5376579070552605E13
8.24559953113985E13
1.1182046837017838E14
1.4318776445939694E14
2.7599610772385978E14
1.117295670468632E14
1.9273797697978258E13
9.882793396086676E12
8.833016155459083E11
0.0
5.179706794922396E12
2.053852974652429E13
9.35909778433381E13
4.9351535922848806E14
1.540806450853408E15
0.0
1.534986877992137E15
8.873903827272568E14
5.640444497488547E13
2.6179233807097504E13
3.0551874146991797E12
0.0
4.764773997107884E12
6.56696924251206E13
2.7199173541714956E14
1.8213970028394722E15
1.1830441122782412E16
2.7958989632739016E16
1.2668607819382744E16
2.2491451677472215E15
5.697640659551426E14
2.6595637902198125E13
8.250402537563729E12
0.0
2.9726864153413086E13
1.4588472968701753E14
1.140884629878525E15
1.9040720059742716E16
5.7818269709070104E16
1.38017597621565872E17
5.3255541887623496E16
8.434638041003167E15
1.8712493510755262E15
1.714083996080967E14
2.2730415682502797E13
0.0
6.721294193512358E13
9.577907501121636E14
5.519495246687814E15
5.5378030369801536E16
1.80741041206470464E17
5.5907828053341331E17
1.95796474432598464E17
1.5771482230110194E16
4.804249496768771E15
4.7481277259792175E14
4.5502803433419766E13
0.0
7.193525663101408E13
1.60071667090446E14
3.788702401018195E15
6.8893092172426144E16
2.52403295819499904E17
1.10839057415692147E18
4.8437742911741338E17
6.7065742924449784E16
1.4369250233978368E16
3.640773482858324E14
1.5577404627798297E13
0.0
3.2515341180239707E12
7.640292846081298E13
1.1836645586752138E16
8.8195200834506496E16
4.6485717945914534E17
1.30905632388918886E18
4.608400910146823E17
2.2336310563876912E16
2.9629007436116955E15
1.2721112541072875E14
1.5801532299338462E12
