0.0
0.0
0.0
0.0
0.0
0.0
0.0
0.0
0.0
0.0
0.0
0.0
0.0
0.0
0.0
0.0
0.0
0.0
0.0
0.0
0.0
0.0
0.0
0.0
0.0
17255.99789348759
249835.92444140007
3230467.7129149204
3.0629766357852377E7
1.0475250436113346E8
4.47336788366814E8
9.050749945771095E7
1.748437785662269E7
1947640.48329316
84842.019659476
15102.913010315508
0.0
46427.624068875855
789341.9442624996
3811491.968008858
2.981204630931679E7
7.306091846270028E7
2.0301614133646265E8
7.876701335886022E7
2.536986521185313E7
2025396.9129298269
215436.34034824563
26314.699453318626
0.0
204327.25786508457
596839.673022717
2788423.014402853
1.0363245102077303E7
1.801988292982906E7
7.89894126711821E7
3.483726838903548E7
6983138.242427686
1111442.8000228938
283722.1352975886
79769.94551769213
0.0
46066.34225520148
157673.84537737363
751474.8359568756
4148081.3287441847
8279389.393237803
2.279140040639972E7
9965250.572766569
3444932.586968915
522301.87517780426
105302.96878739024
40223.93682979803
0.0
88388.6194214439
216983.01778087678
648147.5360398247
1997849.2439375482
7829077.2898357175
0.0
4490720.3775170315
998249.7521482478
533756.6846515194
201231.17382552993
82065.49335547944
0.0
198529.6789713186
620902.9155931823
943025.3267570335
3363279.1944100694
1.3280580251862446E7
1.7219995280858424E8
2.8220694370393988E7
3853635.4921085276
1387989.7774182786
340495.50304849056
143227.62003123685
0.0
217645.5641629247
802489.4275380614
2799822.3552395822
1.758730708170238E7
4.090172272805883E7
2.479130964120469E8
1.2934497948335698E8
4.110983221954715E7
7250899.380482597
955805.4149660389
411934.1942845856
0.0
707613.7228622509
643394.0417659681
9995558.98439205
3.658718221441563E7
1.9165699916000745E8
7.408067489166515E8
2.5601546180869806E8
9.549354484944881E7
2.470141675663425E7
3534348.279298452
251541.79816203492
0.0
124463.55556443453
1051350.8348376574
1.2896777910902172E7
8.20624340614902E7
7.331234611250657E8
1.6462912956288295E9
3.401538063250085E8
1.509305652839042E8
3.747806838195345E7
5844238.405353419
654131.9023466406
0.0
131239.52239780317
2113520.722338534
1.4669047989175197E7
1.2965484998711438E8
1.3478673423092444E9
6.390924163953763E9
1.1059325342894773E9
2.8137953974887073E8
4.66337447821489E7
5592346.830864777
239540.46904083135
0.0
0.0
0.0
0.0
0.0
0.0
2.4339291742713256E9
0.0
0.0
0.0
0.0
0.0
0.0
26503.03660040274
65324.38268744561
3851848.184641799
1.3282611072639575E7
6.2624518516577564E7
5.191853343187669E8
9.355606660216635E7
1.765665931776102E7
1019158.5963647505
34146.83885015445
13332.17247392314
0.0
141793.60976753637
625890.977517464
3111810.1460362794
5139972.312839433
2.0955165042639602E7
1.5788629488524476E8
4.562508047379473E7
8064512.457391404
2486930.0563125303
107668.46669718079
37275.06232549551
0.0
77972.66895922253
169006.26258810246
545502.2533771822
5676035.733026331
1.0099826469994392E7
3.238637967245009E7
1.650558857089565E7
1852701.9271194958
305344.86451747746
132585.091454245
28484.19018828104
0.0
136587.5787612567
175788.2813621956
551211.0907973113
2008195.2873482164
7218788.270358149
1.0086151449329996E7
5626608.04314457
1477787.1705994997
289462.279156744
91311.87467069992
56561.2943620126
0.0
300679.9011101665
477568.85394911317
1301922.9624699662
4328032.031389461
1.876099932908859E7
1.024631404524325E7
2.4768234601104625E7
2740215.40988053
1349763.406832151
382663.1326598538
160024.3718729141
0.0
390666.6774746497
1049179.315357968
3132489.9101132555
1.0157794210347943E7
5.179962466732691E7
0.0
9.066412801603135E7
3.718486373508324E7
5213917.978273234
955906.2551475918
305877.3750992201
0.0
570420.0608530116
1824355.2368457317
7915384.714989977
4.1352691059901066E7
1.671266622694385E8
5.518289571557796E8
2.4903886042331272E8
1.1479436932411814E8
2.170192333190887E7
2634556.4023725456
386122.64107141027
0.0
326578.9694010003
1517646.24368843
1.6579352118617916E7
6.156326788979563E7
4.786478984549976E8
1.648535276592558E9
5.2561007306366336E8
2.1713249365966213E8
5.967026455074577E7
1.2699083831842996E7
731106.9719536693
0.0
225987.10313287482
4015585.393529279
3.4842445876922354E7
1.7540012487237602E8
1.2778169440336502E9
2.515171016873323E9
7.612702789324446E8
6.201183211939938E8
6.39940854141614E7
1.09906717711894E7
1362835.0430173874
0.0
192666.05638593022
1001876.1747665424
1.783701612537794E7
2.0089360766297293E8
3.434711475270736E9
5.130931890830976E9
1.5991077521062183E9
3.5412362217264146E8
5.766106099696317E7
4029174.9335779613
509357.1586986105
0.0
0.0
0.0
0.0
0.0
0.0
0.0
0.0
0.0
0.0
0.0
0.0
0.0
0.0
0.0
0.0
0.0
0.0
0.0
0.0
0.0
0.0
0.0
0.0
0.0
0.0
8197.549830460235
166173.35918826587
2317853.096495597
4.9301343747811034E7
3.4633891266997707E8
3.3572873301285756E8
8.405301559893161E7
1.0249141796972658E7
1266251.683887148
224861.6873469093
0.0
0.0
62480.76646863188
544075.3839942748
9268069.105552766
2.928157628169764E7
1.2409368582765886E8
2.7535509756670904E8
6.6273263674373925E7
5861474.153988977
584866.6775140642
103677.89390543562
0.0
0.0
182212.6983122733
966959.3518205434
2176795.603622854
1.0592986504635211E7
3.953259727796829E7
6.2697821441293865E7
2.561786894819383E7
1.2808568198695209E7
1010686.8807421903
258917.29685566123
0.0
0.0
68667.79556120736
190546.27513424316
1496348.620048029
4357313.874063738
9900373.182833584
2.655317284932006E7
1.1714221669249108E7
1440651.7916916448
429966.1861521745
146507.2562650767
0.0
0.0
94859.4493069069
163588.23794673115
938629.478385855
2000430.5044825997
6787113.558563517
8048981.043303117
2991844.769353124
881403.0816832621
388560.3055124121
131978.17276847982
0.0
0.0
214676.77554048615
528474.4531596726
1284106.2925667637
5670046.045944828
0.0
4.057531046874309E7
9265119.37894513
3554671.8685119995
969534.5027081533
377418.87818637094
0.0
0.0
276357.56623487885
891735.9913527749
3638390.1537811686
9704492.526942909
5.019002139431353E7
1.4598077616894752E8
1.3393557390967616E8
2.954741519743245E7
5804300.819603963
1351683.0925458972
0.0
0.0
280991.4964304544
1077064.47311901
3012363.374533599
4.194837131053865E7
6.79849244704949E7
4.6579083361313176E8
2.0936287996468738E8
7.565753794237873E7
1.4980903444328198E7
1725792.4155422247
0.0
0.0
229582.48420305588
1211311.7337726692
1.0360782759302132E7
1.3353176890776362E8
5.64655860456573E8
1.0601607053276513E9
3.5519886911973506E8
1.534563116578049E8
3.8973319725749426E7
5197723.945601971
0.0
0.0
329854.3396576489
4180372.864074704
4.028217724045345E7
1.7963988502519447E8
1.480126087466831E9
2.199221166965104E9
1.1030469560598617E9
2.9314931096097314E8
4.940505920055274E7
4968001.669207854
0.0
0.0
166533.66306341818
1734344.5883035045
3.411402301137743E7
4.042798972208913E8
4.931448402985061E9
3.915763765606432E9
5.948216585374339E8
1.1872759588684103E8
1.8330177882614866E7
2023453.145564437
0.0
0.0
0.0
0.0
0.0
0.0
0.0
0.0
0.0
0.0
0.0
0.0
16650.859219057693
218415.88121515553
2364157.9556142436
1.0731089119292263E7
1.2813452081561652E8
3.585887715587194E8
3.433017557853915E8
2.376827175082314E7
1868592.816747528
36762.10871943543
23809.382613541093
0.0
33207.98915025106
353429.02945479006
2703974.932712045
2.4268485251587804E7
7.208945582108265E7
2.529727985560649E8
1.4063276106006098E8
1.316562221871272E7
1067636.0654948128
122032.36285641517
19565.819445303234
0.0
220728.43417788274
682360.57985558
2449197.100025106
9210474.061023867
1.8822773535480693E7
5.7637394581931934E7
3.652271051643109E7
1.3564166113317437E7
6516157.565374068
359671.90381262806
49365.02254655125
0.0
71635.5866081383
142903.58539526566
769630.1352639489
3384500.091350197
8161938.565344817
2.6968696825506166E7
9430374.461426495
2835982.72373794
286044.0113585463
120831.19183481566
49939.744090459826
0.0
113949.91407675765
217593.57858976792
629462.4323841636
2472757.788528039
5817266.690891985
1.2080709422011098E7
6813060.38310738
1199577.6161344498
567142.516488016
139622.33956698916
70162.83248966868
0.0
318596.16889686394
634858.3927964853
1594718.9471914205
3375642.475188245
1.210681975606781E7
2.350093548768373E7
0.0
6518408.692671007
660867.154886032
355837.73472031456
156535.16229561766
0.0
308920.1472582347
998554.1982726739
2739465.635632935
1.4131477434184501E7
4.305001363199793E7
1.3238068838778768E8
1.583858784060961E8
6.860420764166984E7
8443806.283026336
1357551.32210649
296188.81386247324
0.0
399327.14515403274
1668938.567799697
6820816.879361323
2.9288193728234563E7
1.6247415165377957E8
4.3128041039229846E8
2.1880111021700868E8
8.200554341252775E7
2.8791349675358884E7
6323742.966494962
682575.277867286
0.0
299682.7644174358
880576.6829805484
8058596.577922684
5.496242488560815E7
3.970880409436057E8
1.287461020622587E9
4.522504826449685E8
2.743702889066752E8
5.4128301042718895E7
1.1928367486594047E7
1505735.0378675428
0.0
159027.2461666108
1467332.8138100256
2.874138759637838E7
1.386527802211588E8
4.950092679461529E8
1.7127585389320245E9
1.3252854597713888E9
5.0532569230461586E8
1.0846897339881545E8
1.2804655167870283E7
904683.9885287364
0.0
108643.97807794038
836351.672442938
5864021.707856829
1.3049231653674717E8
1.1690969145027359E9
7.051499862791525E9
4.7809313818620615E9
4.16169261859738E8
4.264963316290364E7
3364821.812981392
267840.68349374353
0.0
0.0
0.0
0.0
0.0
0.0
0.0
0.0
0.0
0.0
0.0
0.0
0.0
0.0
3579.348743639026
61786.71605628783
3931008.523939968
1.927419366149946E7
1.2768846193584535E8
8.744529027817161E8
8.729017785562927E7
1.4214530437253626E7
637621.9270879827
62465.90047325325
22222.807630318166
0.0
26353.103603446845
320626.0583375275
3278641.4607799468
2.757495043901736E7
7.16156611909485E7
1.8263890501009575E8
8.121900372837663E7
2.5779290987261504E7
966183.7105124906
229447.35527555976
10622.812516723652
0.0
269316.5098005551
509996.36065407755
1254626.3746075402
1.5658749733993627E7
1.9168599372912325E7
1.1003930888002035E8
5.0702535168908186E7
1.123807511880766E7
2291970.0206828793
311873.2587266301
63805.42519942979
0.0
54976.46175324379
197483.69477203322
1216482.9806590967
4708807.278291597
8294940.13123764
2.5811859220350288E7
1.329809017170809E7
2085457.8701642416
285491.16806518123
191171.63518178626
31788.25420754086
0.0
152344.97478687452
178515.54110926721
592647.037053943
1961946.8574714714
6712095.325134093
1.0947124345840422E7
4763994.81635214
1270946.1169177936
344668.58920880087
155132.88320107677
70428.43486388955
0.0
173290.6481560362
602149.7197777609
1040583.6429984176
3608038.6823242106
1.0571800348672114E7
0.0
2.43649182534486E7
3940592.3843430458
1415620.8298563715
422525.8013482168
228741.54882442715
0.0
381681.6127873509
1225001.8543389826
4056267.7217142703
1.9114674841052666E7
3.60721661285723E7
1.6243791187315178E8
1.728965583306284E8
3.075357812305408E7
9705708.472240038
904952.6612001301
204693.54036085968
0.0
297547.95820529584
1006124.4543812128
9077070.967472339
4.060431803229971E7
1.13952847625694E8
7.089405503115678E8
1.7106529387018833E8
6.52000452729204E7
1.117063661649194E7
4729116.091851866
418013.94061079976
0.0
164626.38122768962
988057.7151641003
1.1118227303393751E7
5.9045860922782764E7
1.7276601359008136E8
1.5416837404177306E9
4.688371353166597E8
1.3074744434609279E8
5.597794485497063E7
1.0365724274758752E7
547730.3707803909
0.0
159154.2253067361
5459414.652584736
3.0324905174280193E7
2.445535419637472E8
1.338167128664053E9
2.7275729323498464E9
1.0451867430582911E9
4.5906685849373126E8
7.845548876715799E7
1.062211202655567E7
656301.854335749
0.0
122182.71413755458
739873.0728140047
2.001347731801945E7
1.4934335802975094E8
1.1927053756688437E9
1.6013580688515759E10
2.0512935447475297E9
1.9021024009300804E8
4.29008100794995E7
3171444.476819087
213037.0647629676
