0.0
0.0
0.0
0.0
0.0
0.0
0.0
0.0
0.0
0.0
0.0
0.0
0.0
0.0
0.0
0.0
0.0
0.0
0.0
0.0
0.0
0.0
0.0
0.0
0.0
849.9171799035274
26902.395118083514
825269.3316381488
9836200.010757439
2.646476595761058E7
1.6584102203909627E8
5.647016613073099E7
5246232.178114033
1186132.3573901956
29347.55193171153
1144.9252639204383
0.0
16119.668989607868
172942.94037080416
1446863.1300602683
7611666.557339626
1.90156718208825E7
6.022139828619148E7
3.684241197151912E7
4800194.213280893
986486.8879055319
165722.7727595502
8509.050243452672
0.0
30445.324320595708
123544.00640639836
525882.6853984529
3128556.815258852
6483917.3322817
2.5934032887014102E7
1.2252480375115532E7
1835355.6451418807
890129.4259833662
123189.80907849799
45748.350674171255
0.0
13519.723853141324
40895.17025432002
134852.35085395188
994882.9738272078
2516382.8386896006
9091485.34463439
3825416.8025544374
1405759.9981675586
317891.4709163432
60708.06534492977
27770.920047266518
0.0
42812.56341574012
61908.92090877511
252185.8316206623
448169.9735969464
2126176.3019076567
0.0
1794329.6589566192
512260.5289186099
294908.04807452456
130494.32173558538
62767.51370922882
0.0
76253.18663049149
177445.17592848957
535305.3470805237
1190401.2576250953
3803645.262369444
4.204382158322855E7
5781703.275254152
1176764.431125158
384676.5409907633
283187.0199480288
89582.02485433899
0.0
63576.328704801155
434412.11214395595
1096799.220646555
9533815.140565937
1.5159716850138547E7
5.216181813009092E7
6.2930070262841746E7
1.3324464065627946E7
2473361.71016788
706207.174919836
222689.25874492864
0.0
176189.04029204822
328133.69600337395
1879846.3623073115
2.1140681561820224E7
7.232723490136679E7
1.5395516777657735E8
9.105202707429865E7
3.5312425325219244E7
2062702.6473893826
1378803.0162191864
211503.45699106573
0.0
102773.21053407398
321707.5546264045
6459189.967895453
5.3952379819659464E7
3.792012940408936E8
8.438618172714317E8
1.1985400566873322E8
7.920910932776867E7
5649078.672191298
2461165.181428919
654131.9023466406
0.0
131239.52239780317
479752.8318303556
1.0564525855981424E7
4.707006530219084E7
6.572662038563813E8
3.8786548212043138E9
7.549557716905066E8
1.3539048032597774E8
1.2994372292988656E7
1827906.3418225676
98733.27794964873
0.0
0.0
0.0
0.0
0.0
0.0
9.420322794185607E8
0.0
0.0
0.0
0.0
0.0
0.0
7565.368419553771
65324.38268744561
699769.4645111356
5375898.516861487
1.0470760968491051E7
1.9940454675392717E8
3.261075093029058E7
6412158.366423149
398922.34646090085
34146.83885015445
113.3910009800997
0.0
34391.39389512045
87713.04993414496
1045790.40293194
2147024.361834333
5047071.8541281335
4.134819306768392E7
1.4921779315829359E7
2138818.731205793
1115287.797985255
78273.92075029392
9260.329787369472
0.0
15979.01497569074
47965.7272518907
208341.73397615977
1168490.784440263
3025181.154816245
1.0918721778384421E7
6156028.698475949
1109320.7409624418
162162.1114029112
45811.37830697118
16031.173405749521
0.0
38028.57825975653
56221.222932716875
202992.85567014047
284984.79376107914
1960756.9703459572
4498980.859829811
1765647.653703063
619753.4835015147
257417.67069441685
35086.936148282504
49760.30855741375
0.0
101146.80682836697
123764.28990844279
639112.3156780457
1200179.3992908164
4018851.0442891265
2336547.3604710633
5340022.982550696
894285.7426715287
494132.4955782584
204020.4813814089
134024.8949894804
0.0
122286.5163888197
443932.053124074
1448327.1514183104
3757793.9664149005
1.1969122783920866E7
0.0
2.5327339507656056E7
2938852.6413439475
1702347.1201647534
448443.64832017064
273080.3757774918
0.0
223726.51246942853
745244.4845578164
2381673.293725652
1.3471317834298972E7
5.982859711483845E7
1.366561379230704E8
1.3329744948504716E8
3.3652387103907004E7
8230601.276997585
1655251.1723153077
272738.17223989655
0.0
85280.98248693932
719110.1464932484
5599185.160269068
3.646509446310539E7
1.502390301008997E8
4.8052313827191544E8
2.1060278074038061E8
6.023871385489683E7
1.21553785647388E7
3110694.2247751816
550869.4443129215
0.0
197482.07742247352
2859817.7006894248
1.615756928059715E7
1.3760960600827467E8
3.9270877879122335E8
1.7548486639785795E9
4.7023082350994694E8
1.8385519953120783E8
3.5753382983069554E7
3771683.665332846
799747.810043537
0.0
157121.16030710534
1001876.1747665424
1.0936837485435693E7
8.809792577486283E7
1.0077187772467982E9
3.4172333985706067E9
1.0248971716318107E9
2.255312281294269E8
3.228968805877437E7
2335432.557381385
151357.66625452213
0.0
0.0
0.0
0.0
0.0
0.0
0.0
0.0
0.0
0.0
0.0
0.0
0.0
0.0
0.0
0.0
0.0
0.0
0.0
0.0
0.0
0.0
0.0
0.0
0.0
0.0
779.6803632614233
80152.59553804321
852666.7100521403
1.0100098275229039E7
1.1085603140917353E8
1.6551504967564625E8
1.1193030793273281E7
5112983.62243262
346190.0591346226
7920.279923533479
0.0
0.0
15193.635423025122
109662.51349662416
1571072.419161973
8831790.097575905
3.303746091871638E7
1.0641423440028822E8
2.3787287142964322E7
2870849.336818508
584866.6775140642
53964.326316740146
0.0
0.0
54887.81067990635
299192.4835542361
1173150.3112290879
3375048.922567644
1.0154265596756864E7
2.177195813847236E7
1.0001319155353405E7
4715772.064681928
691637.5516914558
200128.20496188747
0.0
0.0
11826.182023584053
59784.93805065214
358716.3606802719
1444029.8164362963
2588494.8544812733
7706236.572759407
2375906.7940078257
679931.5817652981
258358.80082999513
83701.48262089382
0.0
0.0
35832.35814818951
60713.954928604864
163258.88721981834
302724.6247829675
1754422.2624241204
2537632.226470951
1766528.0386549395
753991.9638194628
306702.6526086512
77115.13010571133
0.0
0.0
91768.01061802109
173555.8955907254
492046.8927197794
822866.6970976174
0.0
4763833.279500738
3095578.4282605103
716397.8735564179
522963.1588700671
236845.88028548824
0.0
0.0
141041.27456569756
436203.1683496408
1476707.8324489598
3426980.0705227107
1.3960557705961837E7
4.77532004958635E7
5.4339573546391174E7
9193225.51056292
2048913.262035355
771695.2781583129
0.0
0.0
180497.37232700357
787179.8057461538
1998564.246769098
1.7173080710911468E7
3.8745128756132014E7
1.454398419336891E8
1.1254825220083629E8
2.43842491793736E7
4602180.159367339
942079.7922580987
0.0
0.0
63133.41534234151
646184.3232010829
3524641.200354844
5.929126680300188E7
1.429357124962268E8
3.646259951373695E8
1.3273104952985254E8
5.1941710889138006E7
1.811452870024657E7
3471016.7600218216
0.0
0.0
272844.2882368463
1130314.7588475617
2.498983621370045E7
1.445811707902668E8
1.0182284033625176E9
1.2936663946811097E9
4.326935496276692E8
1.6612178018289313E8
2.481824088142359E7
2258336.3676261473
0.0
0.0
166533.66306341818
986681.9705517588
1.1263070242082318E7
1.9024612758294922E8
2.1015197218011074E9
1.8344552400819604E9
4.00541759068903E8
6.1031552205009796E7
1.3284255107424123E7
1458872.3534989115
0.0
0.0
0.0
0.0
0.0
0.0
0.0
0.0
0.0
0.0
0.0
0.0
566.2566633046671
5082.470793465423
479602.3767794326
3139861.5543762837
1.3837714667732365E7
1.227460996797771E8
1.635862082969814E8
8007864.068363485
854213.9461505592
9014.87485555319
702.7349510613832
0.0
10428.98540386479
89481.30861150782
775466.9927299852
4322792.782689231
1.9012765588358503E7
5.808932094134698E7
4.583841119213086E7
5903328.588479254
696512.4171354946
97175.57906206744
12866.125085860764
0.0
20035.36303810343
224787.26921895114
994138.4918055271
3601443.4255494745
5943759.522082715
2.0386353920450386E7
1.6591060380608764E7
4486928.096090526
2033150.3644223749
271488.2659719674
28606.420516562735
0.0
13614.056166401155
23493.522135019593
174944.09213560738
917176.3378469206
3231758.592335919
6514297.023077627
3649578.3975743186
778967.1189868273
286044.0113585463
43367.24086238917
25608.296350149976
0.0
29770.2313759392
69199.19432556615
143998.4310019744
635218.0120490674
1250450.2453382427
2955373.422682156
2131052.4823293914
652659.1224051183
409489.12757037004
123108.57658271164
45721.33369013812
0.0
94701.12386951386
254722.43599655767
507328.23256006406
1511601.1774451372
2737717.2642522072
4359154.434108295
0.0
1168364.9774271753
482957.22676511947
240305.93582242634
130640.2635726701
0.0
126229.62378895035
329082.3530064232
1140797.3573055095
4508055.264657836
1.6421626180570563E7
3.748103275084981E7
4.966181549678885E7
1.940387820662318E7
3048939.3406872703
849026.5342382463
181156.10632235915
0.0
164277.95916245427
801435.0066982764
3086572.3290114165
1.0408642836696755E7
5.399126198900858E7
1.931815464604612E8
1.0381791700912209E8
3.728463233339481E7
9825477.338409953
1416139.120048435
358347.35281560797
0.0
95809.23653004815
510362.2360084836
2988236.946705422
3.217007910092841E7
1.7322582558078235E8
6.398976945071095E8
1.9710542051422647E8
6.769992063428299E7
1.9965136825734455E7
4579325.965043764
547989.0602014367
0.0
159027.2461666108
670707.6637741479
8450413.948328868
6.58035471221298E7
3.299016575815569E8
9.317033934335814E8
7.317429369639643E8
2.965796733564934E8
3.977631548694283E7
9350107.551055938
456757.53087210865
0.0
73099.08199911551
836351.672442938
5864021.707856829
2.9760627644924447E7
4.29854501552163E8
2.802880932045335E9
2.2560648596183286E9
2.1668051745514014E8
2.0012924246376853E7
2235660.228850341
205838.6584700398
0.0
0.0
0.0
0.0
0.0
0.0
0.0
0.0
0.0
0.0
0.0
0.0
0.0
0.0
573.7909478401331
24167.80028692624
484524.5377792749
3946136.440739353
3.4003730004213E7
3.357275342780254E8
3.8050694975487016E7
4355211.538619215
330934.7188371408
8650.253908049457
2701.7524096718744
0.0
11179.911089038736
56678.33749424525
1014776.8937675357
7652660.3574576145
2.1673728206467547E7
5.988408845740356E7
3.166525731709561E7
8200244.805859738
595060.0621531724
154877.0038925166
6216.552025742639
0.0
30763.756257885685
91817.53712906895
684150.3957693365
3908164.733200917
9363967.350928068
1.4026312554376364E7
1.5130533186172474E7
4053283.943519016
941220.8736461499
223689.6208859695
27285.293950423536
0.0
7249.759184108301
33813.062436264
163099.93195246445
1335388.9110027654
3107129.1388548044
7123009.124403753
6449042.084095847
1169305.9018032453
224263.5169182863
56987.1775725459
22778.444788460314
0.0
40962.194873325665
79825.57670237309
159675.28810838592
416637.48845087754
1906355.7606173311
3768677.949163392
2517338.087359565
700630.1401291946
255259.08595610727
96790.89028989844
52235.43298518486
0.0
125257.77180715457
225387.3295525995
543569.3332317366
1541977.733650219
2788109.495175222
0.0
6823887.382407943
779879.0668609702
801355.7281419688
306200.4710068374
162558.1404656417
0.0
138174.7687302832
693382.9568101446
1167686.642713592
6150461.804236686
1.5366023677329078E7
4.143878989526649E7
6.335027608943086E7
4005137.961732134
2406108.948002401
555308.8729027786
119386.839311364
0.0
101056.36281110713
612586.6324322573
2004696.7203719
2.103271141251573E7
5.0003642426646195E7
1.31952646066241E8
1.2113792280536087E8
1.301124764025412E7
4938689.993004223
1006145.5822043482
219226.91425468854
0.0
105511.57717065576
744843.288427016
7016542.368025379
3.829790421813528E7
6.4565488579689175E7
5.0261399269207144E8
1.283119415221064E8
4.842565242747676E7
1.1539168222535405E7
1989414.866681107
547730.3707803909
0.0
130649.19959633482
1858009.7520879947
1.7234546066133186E7
1.0469380875915879E8
6.945864377196345E8
1.9747456933038983E9
5.1191627611319983E8
2.3481377277517033E8
2.1890803508573163E7
4148006.235931753
349182.58777030394
0.0
122182.71413755458
739873.0728140047
8055777.208871147
5.640788455376205E7
6.220961034904473E8
7.261782602370425E9
8.145272104005053E8
1.2425730068376428E8
2.0123278060023602E7
2042282.892688036
65038.33105277531
