0.0
0.0
0.0
0.0
0.0
0.0
0.0
0.0
0.0
0.0
0.0
0.0
0.0
0.0
0.0
0.0
0.0
0.0
0.0
0.0
0.0
0.0
0.0
0.0
0.0
3.3558534642681385E15
2.4734549010070404E16
1.40100050954623248E17
3.6933028549839964E18
2.994956267113036E19
2.242734899869605E20
4.968958552409229E19
8.5967936387458949E18
6.330957644512855E17
2.4197214449151844E16
2.6189767653861695E15
0.0
1.129083398268204E16
5.3721377185566544E16
4.2612914876624698E17
6.5485059157855181E18
4.143795642722674E19
1.170418648866761E20
1.9241095231079715E19
9.1772305339629844E18
1.1054116718671168E18
7.881600738982616E16
1.8489699097509816E16
0.0
6.881633460636185E15
2.8955691183833216E16
1.947351515367576E17
7.4437573538352307E17
7.9421015911122647E18
1.3972264514599719E19
4.6654400823536927E18
3.5858869403994363E18
3.4261719494761069E17
5.0103863034215976E16
1.8006244113930872E16
0.0
1.4287532540883384E16
1.9860552414950868E16
4.8358421834019824E16
6.1603765232004365E17
1.59271596185304013E18
2.16963479483279923E18
8.5510222356622008E18
2.8159835555900856E18
5.7384724833107386E17
1.84551906640622816E17
3.276084060862274E16
0.0
3.6166919617139432E16
4.7387280645954512E16
2.334322328462792E17
8.6039908900762854E17
2.6547443431742049E18
0.0
3.891426214082729E19
1.4758494621127897E19
3.736425757173419E18
5.339422030072553E17
9.4672410881323808E16
0.0
7.4730747784421808E16
2.9170989259716717E17
3.567837157035632E17
6.3656705802608937E18
1.9246622965532393E19
5.0377683244942524E20
2.3059051899631747E20
3.1988549709895627E19
1.7966248663931318E19
3.4772184016609382E18
6.2435171658169318E17
0.0
2.80334193031892608E17
1.35123006474222131E18
6.6433531885184717E18
4.4383447347559195E19
1.909311410671356E20
6.261433493360911E20
3.8215802333076265E20
1.3892778789165556E20
2.2454547219007197E19
5.793938530216917E18
1.29545124018827955E18
0.0
6.5586076592327014E17
2.9979312585096448E18
1.0505162092007545E20
3.1542047458837325E20
2.383787837466438E21
2.964456532809978E21
1.8011140231660978E21
4.519774738456851E20
1.7550669806658303E20
7.637515571719426E18
6.9376824282088781E17
0.0
1.66191248808543795E18
1.7597771222686458E19
2.4913242025486238E20
1.4375377009594414E21
9.063720328011018E21
2.93547439841051E22
3.5376127505146414E21
5.7525085396075335E20
6.594634358458601E19
2.0502759876130816E19
5.098897323486697E17
0.0
7.6330422033593907E17
7.1606499369245706E18
1.599069366593973E20
1.908652681239196E21
1.8576821034877278E22
8.0387440905904E22
1.1797074953350637E22
9.295284857751107E20
5.397362408347932E19
1.95029882633196902E18
1.14823962814031712E17
0.0
0.0
0.0
0.0
0.0
0.0
7.392325468352786E20
0.0
0.0
0.0
0.0
0.0
0.0
8.031139933867375E15
4.0272926759956224E16
1.07984544227359936E17
8.9620155006122578E18
2.4244383670516388E19
2.4964133423686726E20
2.2794798319618675E19
5.0801862222037596E18
5.0620230976910208E17
9.4430221417533504E16
1.8326674118384992E16
0.0
6.250286310963742E15
1.3915178741274554E16
3.2803034844541901E17
2.08964211566691917E18
1.0229350515703011E19
5.17539911623851E19
6.1065163366268303E18
1.97927861028292787E18
2.9035100068319654E17
3.924490513298268E16
9.739558943739856E15
0.0
1.039583541518927E16
2.7948944094081152E16
9.0048851526246368E16
7.1090993009558195E17
2.14137994847868672E18
3.7790663652427602E18
6.1983714073906708E18
3.3195248184567675E18
4.852135835777321E17
1.32514020606126944E17
7.1324353462873104E16
0.0
2.2075983604552472E16
4.5930768768747552E16
1.52796475450428608E17
9.5296942261189734E17
5.2441473949603226E18
6.7978553520649462E18
2.6822601401326346E19
1.6373836166982935E19
2.7723199520819482E18
5.2674067102960736E17
6.9757052048276176E16
0.0
8.029778888517472E16
1.77028241615897664E17
6.4952142916499699E17
1.22583415395319885E18
2.314182201342066E19
5.3535398543891794E18
1.666372451390547E20
4.286998612137383E19
1.1665011127022107E19
1.59110346988565862E18
4.8217927372288557E17
0.0
3.1360965037916704E17
7.3549036015487053E17
3.9854814682541594E18
2.815783537479655E19
1.6011880830682143E20
0.0
5.1123672875190564E20
2.4748487802219607E20
4.953686569355241E19
5.2137012711198218E18
1.17867271940783616E18
0.0
6.513413911737047E17
4.2351183575026145E18
1.0298449503760561E20
1.8930600800632118E20
1.0873465022262056E21
2.4588289087435954E21
9.659993444562342E20
5.926354159338933E20
7.1089519550558405E19
6.8733408704925737E18
9.9032290748955046E17
0.0
1.86689943336708506E18
1.7182400196874654E19
4.8714456993980187E20
1.2786019636181677E21
6.527560249191095E21
1.1820336088708899E22
2.7351011585935876E21
1.1688919011114159E21
3.0456906694878154E20
2.794203919770365E19
2.13473302782507059E18
0.0
1.97383186812178048E18
1.6605093117953044E19
2.8978409140448566E20
4.693862318204509E21
9.45335765180632E21
6.052130987093671E22
7.955295954698076E21
1.8894842910114754E21
1.5590650346111507E20
1.0382273275991366E19
1.5327639093950144E18
0.0
1.10062896085280154E18
5.1391642807084472E18
1.5307803175428902E20
2.4029504894313237E21
1.693556934800245E22
8.113383693675009E22
1.2101871878907816E22
7.520811057766759E20
6.639941683959401E19
2.6935889972681738E18
1.39483901997770912E17
0.0
0.0
0.0
0.0
0.0
0.0
0.0
0.0
0.0
0.0
0.0
0.0
0.0
0.0
0.0
0.0
0.0
0.0
0.0
0.0
0.0
0.0
0.0
0.0
0.0
0.0
1.1883993377546362E15
9.524073993402952E15
1.26015753859772272E17
4.1043091295969116E18
6.2782560666599E19
1.2382893070621073E20
2.7898219025937703E19
2.9381004749011364E18
3.7102029955465101E17
9.533046161535988E15
0.0
0.0
9.733812847301168E15
9.228268028820544E16
1.19958875759264896E18
1.0915864371935945E19
4.6077798730385916E19
8.953874220464274E19
2.598346714139374E19
6.5912984577660815E18
7.776155034822359E17
9.3830452890367376E16
0.0
0.0
4.006234143693317E15
2.3595993888818312E16
2.66665439947073984E17
2.3200893866231173E18
8.3566985166168412E18
2.383035443051089E19
2.3354790089932268E18
2.9856375712016348E18
2.31129250899182848E17
4.2262328310779616E16
0.0
0.0
1.3764536044080678E16
4.077415039109812E16
1.23799004819538176E17
8.5363590093918285E17
2.28243609286585677E18
3.1338648882891653E18
7.2449313587043267E18
3.2686368741308109E18
9.8459919803126426E17
2.54709790717875584E17
0.0
0.0
2.907503022758776E16
6.1095197732156312E16
3.4074200455748038E17
7.1604867585042816E17
4.2318175876164004E18
7.1647138438092247E18
7.645375196356991E19
1.6751877311261215E19
2.7771931651701448E18
4.4287985516782445E17
0.0
0.0
1.3184987025492736E17
2.07799342221374016E17
7.1110382224392512E17
4.7980143305139712E18
0.0
1.688636113523219E20
9.59999085049272E19
6.011298253575232E19
1.4153303140564722E19
3.249579480252887E18
0.0
0.0
1.95799501436383008E17
7.3106495542740134E17
1.4719112321540137E19
4.2633781352505836E19
1.0274582403768386E20
5.762059354058737E20
4.696291172205278E20
1.4676502657595176E20
3.2043829674319622E19
5.7096267324006134E18
0.0
0.0
7.7334452292410662E17
7.4416946859914557E18
6.448411954819252E19
5.14368637314209E20
1.3224722339019678E21
5.151088570344326E21
2.59034478445324E21
7.329975124265283E20
5.390723914956177E19
4.1381854737897349E18
0.0
0.0
1.91650926819276851E18
3.0823278573062107E19
4.468129852016839E20
2.5889892527515055E21
5.072301376581599E21
1.2305284032139706E22
3.755279199523685E21
7.816250566793314E20
1.2458810497628037E20
1.9852756377795707E19
0.0
0.0
2.4692521312845665E18
2.7776289982018925E19
4.2210541401142906E20
7.644778512323257E21
3.072319956682013E22
3.4930319940091826E22
1.0066479366995538E22
1.030008157019725E21
1.2975596916584458E20
1.4105233356816253E19
0.0
0.0
6.3896118975798579E17
1.18339166223914598E18
2.51346956884169E20
2.1099664836451946E21
4.4622192389829454E22
3.793793172774478E22
5.960870634911395E21
9.043223006047543E20
5.91596121897472E19
3.1465245628314931E18
0.0
0.0
0.0
0.0
0.0
0.0
0.0
0.0
0.0
0.0
0.0
0.0
2.2390011008068578E15
9.21274901405537E15
5.7556732289302696E16
9.3349834645076941E17
8.6984855652442501E18
7.226621084024609E19
1.2257935564537066E20
9.423723487348208E18
5.991955850585024E17
2.6219927604228576E16
6.93307841082575E14
0.0
1.2810441958330476E16
5.0876163587169056E16
4.2546322582219187E17
5.1072988109951488E18
4.096859310653277E19
1.1822622129521867E20
5.363208004163234E19
1.075958933390985E19
1.64584116068120422E18
1.3228522559641824E17
8.111519857316649E15
0.0
7.148695222803913E15
2.6679157587628392E16
1.46518264847784128E17
1.36382783275932442E18
6.8656614659636767E18
3.1911858282472542E19
6.5008155972725719E18
2.1067976073649769E18
7.262172107171895E17
2.491828145015368E16
1.1700177800055406E16
0.0
1.3770874873620204E16
4.1263185612874296E16
9.444232665362072E16
3.6020323690100429E17
3.1858887785910661E18
4.6747102890676234E18
4.4974376747912023E18
3.735296284672297E18
6.1621152566014067E17
1.70092132402224512E17
6.5000354896881328E16
0.0
1.6810126368140996E16
9.1485294334259488E16
2.6726004251863648E17
9.539903898977687E17
4.0486985266823137E18
5.208452534006613E18
3.7533112800403325E19
1.908427837521018E19
3.7260474267376031E18
6.3880218385589811E17
1.04083575721718672E17
0.0
7.6480640270245984E16
1.80521741571116352E17
5.9008516844163046E17
2.29965559545316762E18
1.3758085111231517E19
1.6136696869658878E19
0.0
7.669868740316325E19
1.1160231156658661E19
1.96709013990463206E18
4.2564746748634778E17
0.0
3.1694386650802906E17
1.1064941325487671E18
7.016029098361473E18
3.1470958709326143E19
1.563175167472078E20
3.637338809858785E20
3.9003200819193584E20
2.376461188579217E20
6.603181316679606E19
7.3243373850219848E18
1.11515348563092326E18
0.0
7.0206112851141798E17
4.2026387371785308E18
3.7515662093312E19
1.8444932040830334E20
1.5539923490274492E21
3.061777126609498E21
1.69164638304369E21
8.646907221263289E20
1.2652448028283494E20
8.5210898592955761E18
7.4602807586477709E17
0.0
2.17533219028942797E18
1.000794711808637E19
1.6754466952531604E20
1.603321291228401E21
6.629346220289095E21
2.40980147595583E22
4.22633521623521E21
9.190836149854727E20
1.8110684528814096E20
1.5119263001331108E19
2.5022214322425436E18
0.0
1.61458773421716173E18
1.3781006684077154E19
1.2402651087586237E20
2.0099309560500446E21
1.351095853271494E22
3.3939234549761764E22
1.4120491936561867E22
2.10218801870274E21
9.211799349880534E19
1.4068325889257538E19
5.0619690724482982E17
0.0
5.9942033126520998E17
4.6488386510686781E18
5.404425005465893E19
1.1713287202519784E21
5.400384902875259E21
4.402906264326087E22
3.849056323137789E22
2.689882055956457E21
1.7153852562115094E20
7.2401691277232323E18
3.3303021209190288E16
0.0
0.0
0.0
0.0
0.0
0.0
0.0
0.0
0.0
0.0
0.0
0.0
0.0
0.0
1.7472260597885498E15
6.879059943012086E15
1.75526156052670336E17
2.5455402436848502E18
1.5420647949414828E19
2.8694877557189575E20
3.1607158713710805E19
3.8557578071503196E18
1.42696937966181472E17
4.2823290181935768E16
6.97876793376562E14
0.0
8.001517644946517E15
1.09853508092796048E17
1.1293753360089769E18
9.640022531042294E18
4.219275685963906E19
1.473242069505484E20
3.4121612208418492E19
9.373179466545433E18
7.9204234245502323E17
6.121798009298864E16
2.2823702814405232E16
0.0
8.043145711801656E15
7.343876542549184E15
1.6701840833591872E17
1.06584000048705254E18
4.9664612841642998E18
3.058954096231279E19
3.8362542693977856E18
9.0779622946627482E17
1.7196133369984336E17
4.7508529220993464E16
9.659518278116276E15
0.0
1.3092222377085094E16
3.5323210838261348E16
6.9127015642453088E16
9.7462228964399219E17
2.23702425264632064E18
5.8072259105708165E18
7.3002622939555389E18
3.2057432509895931E18
7.252315233620105E17
1.97030864483459488E17
7.5326407938231008E16
0.0
3.3830843320391176E16
6.2510633952478984E16
1.95574711404635648E17
7.4101877561979059E17
5.8783956123150725E18
1.1645400429105054E19
3.2663501339553886E19
2.0493183577164296E19
3.249493170830273E18
8.0725146088293939E17
8.056967108852168E16
0.0
9.4721786622617632E16
2.02145878459130272E17
8.1935838963477645E17
3.3111565089086725E18
1.7683912681674545E19
0.0
2.063713017877341E20
2.844426475503388E19
1.5582004948672369E19
4.9711604023467149E17
5.9688333130528922E17
0.0
3.4144600663076442E17
1.44408671844843213E18
4.8404217926444114E18
4.2813505138251964E19
8.608286334108752E19
6.52533443912158E20
5.604317389852594E20
2.1438221597462807E20
3.217347854544489E19
1.0500967966258803E19
7.5167224631220275E17
0.0
1.24753792301344461E18
1.82497160399360051E18
1.284643080048198E20
2.350920083067265E20
8.160803677035377E20
4.929201577440786E21
1.6785680372370794E21
5.148660592976805E20
5.605076128935706E19
5.4249476583241841E18
8.7801739483009869E17
0.0
3.7778603264413594E18
6.6365950964407112E18
4.0350441613745534E20
1.2247904627694974E21
6.940326632349371E21
1.6861351357908165E22
3.585313474614204E21
6.728776611423325E20
1.6326656806984656E20
2.468846633271735E19
1.1309614683537641E18
0.0
1.53712929553581466E18
2.574186395559267E19
3.785818096002614E20
2.2174343882300014E21
2.229721030673608E22
4.4752818438196E22
1.7654381777610108E22
2.9961283148026746E21
1.184500571689096E20
6.0523831138366034E18
5.7213535891633184E17
0.0
2.56006554607144896E17
2.5117878609131341E18
2.9262505432150494E20
1.2438575417537253E21
1.4964712753900993E22
1.0015471636339856E23
7.624224406204066E21
1.7994150896396466E21
5.159803037804929E19
4.0973101130529249E18
1.57986601419154432E17
