0.0
0.0
0.0
0.0
0.0
0.0
0.0
0.0
0.0
0.0
0.0
0.0
0.0
0.0
0.0
0.0
0.0
0.0
0.0
0.0
0.0
0.0
0.0
0.0
0.0
3.243607865216822E7
2.913704040603836E8
5.3433395411690855E9
5.316272650684282E10
3.661635363080349E11
1.3158652023733735E12
5.838079289809929E11
1.98037689407896E11
2.813525168125393E9
3.3852706087634724E8
8838215.596229076
0.0
6.1809900952404544E7
7.805804322922477E8
1.7925696846812081E9
4.5215439495155464E10
2.1894667324742426E11
3.4760428216100024E11
2.6938113884035165E11
4.106965101421822E10
1.7591407408831048E9
2.0672618886071962E8
3.697824264336738E7
0.0
1.0445089778616284E8
6.21570791428945E8
4.339083731223207E9
6.564451925768036E10
1.4323087399166745E11
1.83172402355468E11
9.843869195876466E10
6.835047261926404E9
1.3401450616826587E9
1.6753269522546965E8
3.222521622168663E7
0.0
5.857656707318342E7
4.112513503052287E8
2.0336726778850985E9
3.2266268851166824E10
5.1448970793524414E10
8.883810537684254E10
2.735858977424846E10
8.809126054481663E9
1.4117433138515542E9
2.769724960475702E8
3.537392965851597E7
0.0
1.122036123347779E8
9.113172542242472E8
4.8785055450293994E8
7.727150979906045E9
1.9282586231007133E10
0.0
4.487314755184768E10
9.31431877873631E9
1.3390245699021904E9
2.5776790439547423E8
3.611713925216135E7
0.0
1.1106043959558988E9
3.1952792571166763E9
9.538672800827887E9
1.7741073269639553E10
6.001890590002451E10
6.766384340062346E11
1.5072025786997046E11
2.8592354306600174E10
8.438932685345674E9
6.579735287293789E8
1.4077676796104538E8
0.0
5.700503042155128E9
7.70931562388771E9
3.183117443067853E10
9.743973822166757E10
4.666281894403058E11
9.1977835589851E11
2.4292347727286325E11
1.4905411141877722E11
2.3402008916412117E10
3.8000183265404205E9
7.761126708826096E8
0.0
2.1071330626544578E9
8.728129962645756E9
4.647079693394319E10
3.6433707581911414E11
3.2090542447215303E12
7.042416223608101E12
3.242408142876855E12
1.3720192009390083E12
1.3369562121135072E11
3.1089106864421062E10
4.828834163953348E9
0.0
8.388574451218807E9
6.550294064240488E9
3.1340344773954504E11
4.1169066494113965E12
1.0351185018271762E13
2.5141728912866637E13
1.7161848731014697E13
3.7033442745598438E12
6.561926306255045E11
9.231189829480753E10
1.686646885328046E10
0.0
1.6214198499699278E9
1.0851371734810417E10
2.4447956958997354E11
8.078484171734896E12
3.3417124315645086E13
1.9946930458648938E14
3.7022565311130445E13
2.5410872202728306E12
8.344184836410432E11
2.905155832323491E11
4.043813000746571E10
0.0
0.0
0.0
0.0
0.0
0.0
8.076254207094423E12
0.0
0.0
0.0
0.0
0.0
0.0
5.662331065990165E7
2.606141491192041E8
2.138923127324298E9
1.4595542618708574E10
2.4733586504574136E11
1.7949972373833425E12
3.755055514741836E11
4.305328692513365E10
1.5889725961756887E9
5.2414951728813946E7
1.6508054850010287E7
0.0
4.2062333021605425E7
8.142115145683658E8
6.17958783980336E8
4.148998519447723E10
1.511886194705514E11
2.557633035755512E11
6.254038946020329E10
6.176409925582988E9
1.2915145070583568E9
1.4828026506011906E8
1.1494703669398008E7
0.0
2.3343943792550262E7
2.577617290422047E8
4.0260654876373453E9
2.592591746276108E10
5.490261891457172E10
8.375902726421678E10
3.6505531971885185E10
1.0699593428286577E10
1.9057054378263617E9
3.3794445104390955E8
3.323669193092077E7
0.0
1.539722765427797E8
3.4085762167977744E8
9.590292331315677E8
1.1374733804395134E10
2.2821742456672043E10
2.8664765275474426E10
3.0903981647813824E10
1.2515058695823704E10
2.8639420908994102E9
1.0019703794814089E8
2.8156822152903013E7
0.0
1.217320072115001E9
2.6979135191136603E9
3.8090939630029564E9
1.779759059719767E10
5.773677021622767E10
2.2137905216314754E10
1.3159923862507391E11
1.885206618644171E10
5.7192089957899065E9
1.7001310551394687E9
1.1459945560469672E8
0.0
6.175334053987286E9
1.149646815817753E10
2.1712335460040737E10
5.1435537066374054E10
2.2620673317654916E11
0.0
3.5507527192068414E11
1.2060518748530605E11
4.535813023605653E10
7.331934402945179E9
4.4374827530004674E8
0.0
2.1001047177017379E9
8.91411586390515E9
3.2177533176294243E10
5.205898002962682E11
1.7539397455731738E12
3.092015443923176E12
1.3183421809080457E12
7.140610145947732E11
1.7403739683819162E11
1.8433675077554604E10
3.658474247654189E9
0.0
7.821625011140821E9
5.150392297953761E10
1.6814273188614404E11
2.1447583709584424E12
9.715957875178568E12
2.32262708504583E13
9.900260855420191E12
3.3841059102930557E12
4.002997543931899E11
1.2447065540205234E11
1.0437770116345644E10
0.0
5.034949578863439E9
3.4081379670244076E10
4.376821133801196E11
9.04145001692157E12
1.93272577075675E13
7.717152752288023E13
3.648099839952586E13
7.611316464688264E12
1.8490955162442905E12
4.894299635385029E11
4.8983456329884094E10
0.0
1.9193565341698632E9
4.522651540736459E10
2.0568379684982803E12
1.0590494150141234E13
4.630131670368764E13
1.82415758242579E14
4.483073537198761E13
1.7430197553703521E13
8.124661223768638E11
7.649074319618549E10
7.810516551278214E9
0.0
0.0
0.0
0.0
0.0
0.0
0.0
0.0
0.0
0.0
0.0
0.0
0.0
0.0
0.0
0.0
0.0
0.0
0.0
0.0
0.0
0.0
0.0
0.0
0.0
0.0
5.0290328567518145E7
1.9730253878973004E8
5.135665598369855E9
8.804773066412578E10
7.603180397210137E11
1.440939920566749E12
5.0792585110729333E11
1.3484173240761219E10
3.336358978323596E9
2.066067635553418E8
0.0
0.0
5.9080770905823395E7
6.176274949675603E8
2.850208472850478E9
7.516929597407721E10
3.134454180982754E11
7.922173175625029E11
1.185871808159748E11
3.660152370388493E10
7.3989668625752E8
1.501602256968002E8
0.0
0.0
7.732685478634998E7
5.1089896198394E8
7.777373667256925E9
5.714971509224165E10
1.3052283093626382E11
1.639552653982262E11
2.350856176348521E10
7.107162708820467E9
8.542061248799098E8
1.8562841302429688E8
0.0
0.0
5.235826124567648E7
3.921219213122649E8
5.175514677441405E9
1.2968729777956175E10
3.3756542640766098E10
5.574800298312627E10
3.47305041724919E10
8.435158955571935E9
2.229164495893226E9
4.033946476118468E8
0.0
0.0
1.8556946146763346E8
2.491663362132008E8
1.6924769914108284E9
7.6897479845337925E9
1.4746529364824797E10
2.2343896198888054E10
4.598411065892162E10
9.165007863352547E9
6.471070058544246E8
2.3550539645935616E8
0.0
0.0
1.0187393814290128E9
4.0215734287469525E9
6.696149461850315E9
1.6309722314100311E10
0.0
1.1168031770390057E11
1.103387545670203E11
2.0625887609290707E10
7.619938714734149E9
5.0413174824992114E8
0.0
0.0
3.2536870987561226E9
1.6204460904130646E10
3.4002813063972694E10
1.0243664192510008E11
4.5912877357679065E11
4.90058668195089E11
2.3678121186344098E11
1.2584573083805365E11
3.27056711408641E10
4.469854318171612E9
0.0
0.0
1.9060833932864156E9
7.289335383672892E9
7.842220224159262E10
4.379390393420386E11
2.9566417035084756E12
5.836969449876402E12
2.3782129398649717E12
1.0194557320670626E12
2.0472304239195468E11
4.1415080216241806E10
0.0
0.0
6.7646727504314575E9
4.6766674992573364E10
2.854429072270708E11
3.142308825787117E12
9.568890730084285E12
2.5087712843390598E13
1.1641517857735277E13
1.9250042426540203E12
3.353268092153722E11
7.713340971445403E10
0.0
0.0
6.710425742257905E9
2.056435223105351E10
7.131404744222124E11
1.3872589210822086E13
4.416789715869336E13
8.116450744666648E13
2.285294690008336E13
5.002875989857646E12
1.2071603985339607E12
2.6836727755896823E11
0.0
0.0
2.548271136288471E9
3.051547253233098E10
1.0431964703962957E12
1.212501838162746E13
1.7934090319890275E14
1.6368955728507322E14
5.260791277191882E13
4.598235254711557E12
3.9537708850679834E11
2.5724748530601265E10
0.0
0.0
0.0
0.0
0.0
0.0
0.0
0.0
0.0
0.0
0.0
0.0
3.519204878860883E7
1.71646016202438E8
6.003560780503664E8
3.76303771941561E10
3.570006241164468E11
1.2170021585138179E12
1.5916246004928677E12
1.5802942941782526E11
2.63118515950846E9
3.111001987149453E8
1.2101412461578818E7
0.0
7.641563368673047E7
4.0338734158531564E8
1.5519970735277534E9
1.3492359201127365E10
1.4947600703258603E11
5.2722606042402423E11
4.2297470949002814E11
6.741058643063003E10
6.5358764837098055E9
2.0613091817434695E8
8730168.336787036
0.0
8.747038806383145E7
7.594659560804448E8
5.02206570214243E9
2.810044609439306E10
1.243907341264537E11
2.5042406813362015E11
1.5090584517234927E11
1.3100280188213024E10
1.5042022446534007E9
1.3717239391541684E8
4.385597426532565E7
0.0
3.809867852767597E7
2.8158733600735074E8
2.049448809883069E9
2.2438534499069347E10
3.705937187028417E10
6.220622174581031E10
2.841586522884791E10
1.3124751253941357E10
2.179883170404103E9
4.2228950204471564E8
9.473355127491812E7
0.0
2.0515838440137452E8
2.996915756363139E8
1.3323960409939623E9
8.877123811477455E9
1.8191958422096626E10
2.5674623876346855E10
5.334294607283284E10
1.286446711842733E10
1.8208226092265701E9
3.118006157050786E8
3.030638126098583E7
0.0
1.2988223959717128E9
3.7208615883301735E9
4.1224589237449036E9
1.5397875569980099E10
4.2606589134864975E10
1.0278089015033781E11
0.0
2.226792935246378E10
4.231184841900404E9
1.1919728484339828E9
5.979533069435942E7
0.0
3.2059453348820972E9
1.7621164510389214E10
4.208080249263013E10
1.1898049323386124E11
1.7552085564773535E11
1.0523189340853772E12
2.929524783441191E11
1.616908258515984E11
5.5886757007237656E10
4.607595423291258E9
6.013417910926545E8
0.0
2.3065974193669996E9
1.1486636524853788E10
3.0336401923878677E10
2.833661226311024E11
2.1937259524803499E12
5.578880228563406E12
2.314651186936442E12
8.694800453102151E11
2.4041507245841772E11
3.436098243455011E10
5.51265702402429E9
0.0
1.0964413477173874E10
5.610983934365962E10
2.9355035261488995E11
1.3561454515287947E12
9.416342992431938E12
2.221934775309255E13
1.2514633420643994E13
3.2477128190061035E12
6.129137248111744E11
4.72522541319174E10
7.225427530485552E9
0.0
5.622339681573288E9
2.491483167018082E10
1.6031230917834238E11
1.9146800825744077E12
2.509919192321256E13
5.778588238649153E13
6.714408802507193E13
1.4095506701903639E13
1.838757188345022E12
3.348716212841958E11
7.277773792473737E10
0.0
1.4588999490780544E9
2.1812111242039623E10
1.978213506637225E11
7.911969037201659E12
3.724704288137107E13
1.864036475136315E14
1.5901982997792894E14
1.6936221275915135E13
5.850212288152107E11
4.043975594229587E10
2.4559556230722494E9
0.0
0.0
0.0
0.0
0.0
0.0
0.0
0.0
0.0
0.0
0.0
0.0
0.0
0.0
4.303714451607561E7
1.8869349356943807E8
9.151399096692587E9
4.814232315247731E10
4.922353423154979E11
2.584286406402313E12
4.2845542643936865E11
6.809884525758168E10
2.0610965399949867E8
2.9531561357307035E8
6923959.160293638
0.0
2.476809832635372E7
3.058726862675039E8
2.1916434889700866E9
4.8925699051522964E10
2.6162915251241345E11
8.122052759358302E11
3.623115694706671E11
5.6439191057075745E10
1.4234667910522642E9
2.6919496298557454E8
2.650414919459636E7
0.0
8.221006676996729E7
5.341458609238372E8
1.0489761240111167E9
5.356218696631146E10
8.885981211325195E10
2.6191873389185657E11
1.0574536614587788E11
1.1421786083625977E10
1.251044856261901E9
1.6255428922383183E8
3.1974197899953827E7
0.0
9.330942600929625E7
2.8374322921706927E8
1.6666541011481266E9
1.5694717585449642E10
4.413089728538826E10
6.118605173886721E10
3.381048231130473E10
7.718979477802912E9
2.0099376959861548E9
2.994388659309616E8
3.463753112218034E7
0.0
1.789096214039763E8
3.1942791054771024E8
1.190736368257444E9
9.064459863998507E9
2.5926548703866955E10
3.1911656708729992E10
2.830172729372415E10
6.485337772305169E9
2.364462816120753E9
3.0574005550187397E8
3.363155815678279E7
0.0
1.1529081075775156E9
2.2420476368875117E9
2.3358140848587155E9
1.8292774640381084E10
2.0163818780814888E10
0.0
1.0730696675053876E11
1.0851986940390009E10
6.399423001619215E9
1.078351846658506E9
8.169159350057788E7
0.0
3.9911222808967075E9
1.2332375602477537E10
4.0030991541571434E10
9.960327506988889E10
4.118800546716747E11
6.548352087027206E11
4.813157409714047E11
1.6206051621962872E11
4.337431904313639E10
4.350087805119766E9
2.9935880834477144E8
0.0
1.1693120808857565E9
1.0094314561231318E10
7.124620195844212E10
3.3663732040665906E11
2.850568696587411E12
4.597469257339102E12
2.783965966702107E12
1.279966510527185E12
1.0935406439135709E11
2.916544705973543E10
2.86497105398908E9
0.0
1.1728142508866243E10
7.426733046188257E10
2.3090726433334952E11
2.3135250614763467E12
7.02156572712313E12
3.0698672548364027E13
8.711869676035613E12
2.918428346730539E12
8.161674629814973E11
1.0124587235249838E11
6.286952589330646E9
0.0
3.7603156436784396E9
3.639069147628977E10
3.983512865153707E11
7.8626930012174E12
3.898080079457044E13
9.282480349219588E13
3.924656508867232E13
7.73094397512904E12
1.240634835212924E12
3.510178256108521E11
2.4698836112295433E10
0.0
9.866020720471176E8
3.8219059015557013E9
9.224292091673298E11
6.043718181711524E12
9.692266236467384E13
3.792240348341224E14
6.3766159577292734E13
6.903389406968418E12
6.734412816591179E11
4.372170653962248E10
1.1636411488409014E9
