0.0
0.0
0.0
0.0
0.0
0.0
0.0
0.0
0.0
0.0
0.0
0.0
0.0
0.0
0.0
0.0
0.0
0.0
0.0
0.0
0.0
0.0
0.0
0.0
0.0
1.0706617148323031E15
1.0401420300639024E16
4.5879592786014064E16
6.1147877120189146E17
6.3826557841483346E18
2.487314962581825E19
5.7197647193883412E18
6.9364610842461632E17
2.9992126733612608E16
1.890708532005387E15
1.7199430034644784E14
0.0
5.689509338249766E15
2.2223910879016376E16
9.3252753930253776E16
2.50193613639294816E17
2.7505561301058068E18
7.8603507963752008E18
2.5631849645219891E18
1.22313658268900582E18
8.4439571672492896E16
3.524640888371492E15
1.701255879842451E15
0.0
3.2594025149915005E15
1.9192020467859996E16
9.0851868761837456E16
2.55349124709426528E17
6.1276033195905306E17
1.34588637168670643E18
9.0002965177264154E17
2.69676922831186304E17
3.3413095530466404E16
8.614744498303865E15
6.764586993477259E14
0.0
5.811953979686956E15
1.0274251589138474E16
2.5440426703417912E16
1.26142939016352752E17
2.83210339818610176E17
4.5521978474363232E17
1.28022143964322278E18
3.5928876456599034E17
1.0074255398953672E17
1.6895641249254602E16
3.9234736799600425E15
0.0
9.448105484024022E15
1.4526678437144122E16
1.18100526363372544E17
1.2879283863782368E17
6.9441024090435904E17
0.0
3.4317459002345446E18
1.10625760408747072E18
2.444644406902272E17
8.8037411988551552E16
1.9508085279053016E16
0.0
2.8961819014345104E16
8.4538565573690496E16
1.622446111217424E17
4.1912408041670752E17
2.7283386695175803E18
5.040538397970098E19
2.262994155537432E19
2.8974429955598449E18
1.03849141086827853E18
1.88541807133364256E17
4.635396404454584E16
0.0
1.34537508021359968E17
1.54164749365289728E17
5.1505409752293824E17
3.3739003019313249E18
9.837050224053113E18
8.735650580050366E19
7.074656384578188E19
1.935866552491186E19
4.3337829790814157E18
7.8910724278956467E17
1.33226816329251728E17
0.0
2.72006159526239648E17
5.248548909041961E17
2.3579800183318359E18
1.4011586387774794E19
1.1710938240017144E20
5.4804464549605533E20
2.4594757598498023E20
4.401625186015455E19
4.2370777231794647E18
8.9687792716593408E17
1.238114083106904E17
0.0
3.0094373809903802E17
3.0420599365167252E18
1.4457023832689762E19
9.343753962559719E19
5.955137611608025E20
4.546983471268016E21
7.077310580437919E20
1.0279209932655473E20
7.069969470479958E18
5.1286541718413581E17
3.5944907234989318E17
0.0
4.0223087563372128E17
9.0668935874355968E17
2.36626678821726E19
2.137099194835558E20
1.7007413625221072E21
1.2508635462446594E22
2.847594031933777E21
2.332504212127688E20
1.019827741014101E19
1.05325674023985613E18
1.14823962814031712E17
0.0
0.0
0.0
0.0
0.0
0.0
8.348814772268124E19
0.0
0.0
0.0
0.0
0.0
0.0
1.036071288621751E15
1.5611928515377828E16
4.7328144795889912E16
3.4481551267571853E17
3.7880747369641912E18
2.8992965792068534E19
3.9949146009184855E18
3.8974013706050278E17
2.8967165979605948E16
1.0075475470802134E15
8.369266548779604E14
0.0
3.4858013281210305E15
5.53375051255784E15
6.4475662301816504E16
1.3473385171567584E17
9.1201445528723238E17
2.8179818544355973E18
1.72998904264341632E18
1.56397471398454848E17
5.3513711787845632E16
7.820728061082585E14
6.904857729750161E14
0.0
4.512632620250918E15
1.8421424525476496E16
5.0302404107993784E16
9.4589089199040176E16
2.54404490071357696E17
7.5929480954452506E17
1.10972354561546829E18
3.2253346180508531E17
7.1559889543942832E16
1.1819037769253984E16
2.445295729297379E15
0.0
1.3217951257514948E16
2.1811265107339212E16
1.02999980820397136E17
2.4812194180334832E17
9.5276136474222886E17
8.2309519845273843E17
3.565966500433364E18
1.55822783323401728E18
2.71962554357602656E17
7.7223028266382128E16
2.2964914107567408E16
0.0
3.072644235431774E16
6.3017272169755416E16
2.0029789647064096E17
4.8725685890968102E17
3.5542357576656553E18
4.2464833398065126E17
1.1358464656733282E19
5.5131959340045558E18
4.7569933619159078E17
1.56520057402838272E17
6.8772705990105648E16
0.0
1.05453286745228304E17
2.09683614135781504E17
4.9397929710168358E17
1.17782497640728858E18
1.514874788789589E19
0.0
6.9925907283420275E19
2.485955660999999E19
4.963477611480404E18
4.35492907536216E17
1.72514485074685472E17
0.0
4.1401883613723072E17
6.4111980941321587E17
1.6393764829539415E18
8.0134684867489331E18
7.325992174449763E19
3.612086897392996E20
2.5758879804803383E20
4.189709803050349E19
5.4381704513485967E18
8.5916560955129446E17
1.47264016934495776E17
0.0
3.7569117789052403E17
4.1139678689060403E18
1.303449543166343E19
7.462824629216494E19
2.9787412716465435E20
1.497789991842661E21
7.327838851181179E20
1.5154617491645294E20
1.8009279302452249E19
2.4470578925545938E18
3.510391049738265E17
0.0
7.5837561187435187E17
2.7065896136807281E18
3.0802301198437495E19
5.270952602267763E20
1.0456125578387857E21
6.894254600233391E21
1.5443846745882147E21
2.442143377389809E20
2.284534505228414E19
1.48071120651890688E18
4.9977221466253382E17
0.0
2.7460892767347424E17
1.56477198864253491E18
6.083763629200671E19
4.407466971468219E20
2.2936302463983973E21
1.1989926098203069E22
2.2737955782406366E21
2.833510928922853E20
4.160114705604959E19
1.4432739364132247E18
4.9377029496929296E16
0.0
0.0
0.0
0.0
0.0
0.0
0.0
0.0
0.0
0.0
0.0
0.0
0.0
0.0
0.0
0.0
0.0
0.0
0.0
0.0
0.0
0.0
0.0
0.0
0.0
0.0
6.132393669550359E14
5.320170132400148E15
4.4179662462300896E16
8.8068460179044736E17
1.3013869586905147E19
1.5358738146811988E19
2.14160320265684915E18
2.69238621209588768E17
1.8072207504462864E16
8.199838607251688E14
0.0
0.0
5.158034722594756E15
3.5463369905195376E16
1.19895639327280592E17
6.4110620209732608E17
6.9483049995381053E18
9.605110435427488E18
4.1824461763654656E18
2.53639788446910752E17
2.0839193483978364E16
5.811525904523116E15
0.0
0.0
2.200853480266435E15
1.409946622262702E16
1.01699941383425696E17
2.9313902604343642E17
8.7503182665411661E17
2.4905710342366991E18
5.9254315324522419E17
2.37474155556332512E17
4.463697764543768E16
2.7291804457310545E15
0.0
0.0
7.993435737817223E15
2.7455063577394176E16
4.7948039813297304E16
1.18629580509071968E17
4.535481065609783E17
6.139734363440105E17
8.4277042768160998E17
2.24602858401046144E17
4.2486642366854792E16
1.0535637213279972E16
0.0
0.0
1.2522774566192752E16
3.5672789689827292E16
1.22435738240905344E17
2.65676894530991424E17
7.4779940761273792E17
6.1244742903313216E17
2.9669124416741857E18
1.05443091052660352E18
3.3745894909379642E17
1.04917957241185024E17
0.0
0.0
3.8455305602615656E16
6.6160321341201168E16
2.66266015345469568E17
6.8138396862007962E17
0.0
1.55270218047031E19
8.994645475907671E18
2.4388524073280947E18
6.4689448271861274E17
2.406601373119056E17
0.0
0.0
7.1983632388569168E16
1.57809008689585056E17
7.799231084479799E17
2.6577404337866107E18
1.7893732883545731E19
7.748961705714521E19
9.9751571147079E19
2.758070068875399E19
5.3823092221140951E18
4.7392208493731098E17
0.0
0.0
2.44193047901080064E17
9.1102525320109043E17
2.22052362679355904E18
2.932310214856668E19
1.0798078376614402E20
4.0001201207765775E20
1.2683077815586973E20
2.847652777094179E19
2.325920784629588E18
4.4961997841880576E17
0.0
0.0
6.4986681166609971E17
3.3010761141171722E18
1.0922668561692103E19
1.2965389072620515E20
5.992419563346037E20
1.9789401213339215E21
5.326415840485398E20
1.495144577456807E20
1.1298801335581745E19
1.52979058925155251E18
0.0
0.0
6.6690998276078899E17
4.4756359933918915E18
6.500894783987209E19
5.4146293074479704E20
2.912182272714505E21
5.922905749632365E21
1.2267965938055887E21
8.879411523635662E19
1.0553436306966032E19
2.02425081131335475E18
0.0
0.0
5.543545369094587E15
5.8765961356149389E17
3.2294772381586088E19
5.8817650059606367E20
9.946749786651227E21
6.134106930657726E21
1.0074098089835246E21
2.336012385860121E20
1.9491125262563873E19
6.4589444112159539E17
0.0
0.0
0.0
0.0
0.0
0.0
0.0
0.0
0.0
0.0
0.0
0.0
7.864880577733724E14
4.664264793805448E15
2.4733212917112448E16
1.90147752807886336E17
2.3676642836717507E18
1.4463433857393478E19
1.3793015169855465E19
5.9501154929379802E17
3.8057482429410192E16
1.6864160894629915E15
8.788305183591203E13
0.0
3.0015366702792785E15
1.6706972258732002E16
9.247753248122672E16
3.9496401532469222E17
1.67487923730821325E18
1.0797518783722205E19
6.2099213472289577E18
1.14068519549322368E18
8.0202790968298272E16
4.829670860965454E15
1.885170081138176E15
0.0
3.250346042486995E15
1.1148643536763616E16
4.1607581881675216E16
2.71337706576671552E17
8.2860681855337715E17
1.55269777350655539E18
1.26522522610477568E18
4.3094816646007814E17
7.0226433427223744E16
6.537376333823404E15
2.4075646342610922E14
0.0
5.824261430797081E15
2.6179241917622472E16
6.2063661550115696E16
1.11561780142248192E17
2.9557835115439654E17
7.117796998572503E17
8.9836663445661926E17
3.0125293652553446E17
5.7977646793470184E16
1.481585241046932E16
4.684551827891305E15
0.0
1.0027348397418422E16
3.3194393659915592E16
8.7903126237898512E16
3.9390748462313542E17
9.1176963087782656E17
3.1713189949077907E17
2.7138842842649999E18
1.30768187369534003E18
3.2558322591920147E17
1.17287358748656736E17
2.7597226706744744E16
0.0
3.8377130954916392E16
6.5329663674655896E16
1.77007384482210944E17
4.8268064705003277E17
3.4471350845054019E18
4.3080752717978547E18
0.0
3.9910137204296274E18
5.6552119088116077E17
1.5376378904895392E17
6.3546192399270688E16
0.0
1.08547478550859104E17
2.54746802121616544E17
5.6293737292037363E17
2.14023856088869709E18
1.3220083534024565E19
6.417662022277496E19
6.301066914352531E19
2.008236680529324E19
6.4572092614863923E18
1.1821410421836951E18
1.10572087925838496E17
0.0
1.97327551441282016E17
1.04651472825919757E18
3.1777678464018514E18
9.0513874430163333E18
6.80350173180238E19
2.1322305783672422E20
2.8280609990173976E20
4.315743797514932E19
6.5968238685466604E18
6.8401335452149901E17
1.64171653467428256E17
0.0
4.9748622789786771E17
2.17203325777100877E18
1.6925769417308187E19
8.006320558277694E19
3.2078376541505284E20
1.9998499037874752E21
6.775509855928758E20
2.0780514499451886E20
4.2073821720689795E19
1.77478136639078912E18
2.65488983572406272E17
0.0
8.0005782758243994E17
3.1114405209594184E18
1.6360863454868007E19
1.5916798290655786E20
1.4793231384466295E21
5.347512853993148E21
2.930011451114246E21
4.171470031091067E20
1.2944763677656982E19
5.4570109678715661E17
3.3413558828319462E17
0.0
6.2303881271536752E16
1.67017840768041805E18
1.4017224674768284E19
2.7897288109346515E20
1.6278582852704584E21
1.0162523481546085E22
5.826223892681802E21
6.582750091295584E20
5.959251207165752E19
3.0672817079624018E18
3.3303021209190288E16
0.0
0.0
0.0
0.0
0.0
0.0
0.0
0.0
0.0
0.0
0.0
0.0
0.0
0.0
1.8583049468140166E14
2.856527664703959E15
2.4158859035603784E16
4.621644150916729E17
6.8544487793549189E18
3.434987254805535E19
2.6378177965189437E18
5.2283772532693395E17
8.76626337475225E15
3.6201558716400525E14
6.830851885365812E12
0.0
3.083890680331485E15
2.9048719754886536E16
5.5550599281211224E16
4.2459088429662874E17
2.3583405616843587E18
1.6001381423565165E19
3.594640212313577E18
1.10979226212923571E18
6.0321809866147232E16
3.33829302344624E15
1.5770606078911945E15
0.0
4.133326912693815E15
5.575554312577987E15
7.9359301525030912E16
2.42965767340105312E17
1.0017534796946711E18
2.8752071409507441E18
6.7404376067587494E17
1.9790014431628496E17
3.058298215240116E16
3.576315430902873E15
5.547379298374074E14
0.0
3.060612486552782E15
1.957257222997074E16
4.673543971171252E16
9.4535359163764896E16
3.9280161896584813E17
6.8117768805604531E17
1.5445399318385344E18
2.67352966790750272E17
5.5246769440131352E16
5.951840858438826E15
1.8944627622925615E15
0.0
9.750663454243612E15
3.2386953558807464E16
1.2523441741096E17
2.02104587634754432E17
8.4367630579021018E17
4.4527920621259238E17
3.8144291755902013E18
1.35103937228415744E18
3.5411340265142138E17
4.5912825768477E16
3.7490536131578912E16
0.0
3.7333238122981608E16
5.9767435583463104E16
1.82339067768742784E17
9.5245141418870938E17
2.3507838829190625E18
0.0
1.791960580261482E19
6.7947403897231811E18
7.0096827093442214E17
1.26747783424113952E17
7.082977178058688E16
0.0
9.1175736700332704E16
1.5949238405334288E17
4.9584674750164736E17
2.7390706142267709E18
6.4665138983812342E18
8.395215783686947E19
7.454164964041082E19
3.263156113277821E19
4.3045322184341089E18
9.5092689337990029E17
1.64381026241791296E17
0.0
4.4218111969225408E17
1.09346855025325184E18
3.1070013178293663E18
6.2025533878320015E18
5.66637622366129E19
2.4123205565931687E20
2.4515359246947595E20
2.5650671592720396E19
5.6379710493074248E18
7.5712022809495398E17
1.43951756283649936E17
0.0
3.751583062919927E17
1.57447019805793331E18
2.0962135465176E19
6.772953854496422E19
4.868244046080752E20
2.781386911493941E21
5.8539674239157E20
1.1245776637692017E20
1.877796395754544E19
1.21266027098707072E18
2.4051796199784288E17
0.0
4.1708083150598355E17
2.2540756031151104E18
4.154775115777147E19
3.448689126915648E20
1.1966033793022152E21
6.022003655328697E21
2.197582946829801E21
4.5568313167028604E20
1.1680601963243426E19
2.8972076146182728E18
4.0007403995469664E17
0.0
6.3404165816708944E16
1.91605581223548211E18
3.7666235567919006E19
2.1687891567728846E20
3.441726021279653E21
2.8733563898322108E22
1.947695921006713E21
4.3467916873142246E20
1.1929543450865959E19
1.17473775414704358E18
3.2673883912806824E16
