0.0
0.0
0.0
0.0
0.0
0.0
0.0
0.0
0.0
0.0
0.0
0.0
0.0
0.0
0.0
0.0
0.0
0.0
0.0
0.0
0.0
0.0
0.0
0.0
0.0
0.0
0.0
0.0
0.0
0.0
0.0
0.0
0.0
0.0
0.0
-0.015000000000000003
0.0
0.0
0.0
0.0
-0.0075000000000000015
0.0
0.0
0.0
0.0
0.0
0.0
-0.015000000000000003
0.0
0.0
0.0
0.0
0.0
0.0
-0.0075000000000000015
0.0
0.0
0.0
0.0
-0.0075000000000000015
0.0
0.0
0.0
0.0
0.0
-0.015000000000000003
-0.015000000000000003
0.0
0.0
0.0
0.0
0.0
0.0
-0.0075000000000000015
0.0
-0.030000000000000006
-0.015000000000000003
-0.12000000000000005
0.0
-0.15750000000000008
-0.015000000000000003
-0.0075000000000000015
-0.037500000000000006
-0.022500000000000006
0.0
0.0
0.0
0.0
0.0
0.0
0.0
0.0
0.0
0.0
0.0
-0.0075000000000000015
0.0
0.0
0.0
0.0
0.0
-0.0075000000000000015
0.0
0.0
0.0
0.0
0.0
0.0
0.0
0.0
-0.0075000000000000015
0.0
0.0
-0.0075000000000000015
0.0
0.0
0.0
0.0
0.0
0.0
0.0
0.0
0.0
0.0
0.0
0.0
0.0
0.0
0.0
0.0
0.0
0.0
0.0
0.0
0.0
0.0
0.0
0.0
-0.0075000000000000015
0.0
0.0
0.0
0.0
0.0
0.0
0.0
0.0
0.0
0.0
0.0
-0.0075000000000000015
0.0
0.0
0.0
0.0
0.0
0.0
-0.0075000000000000015
0.0
0.0
0.0
-0.0075000000000000015
0.0
0.0
0.0
0.0
0.0
0.0
0.0
0.0
0.0
-0.0075000000000000015
0.0
-0.0075000000000000015
0.0
0.0
0.0
0.0
0.0
0.0
0.0
-0.0075000000000000015
0.0
0.0
-0.0075000000000000015
0.0
0.0
0.0
0.0
0.0
0.0
0.0
0.0
0.0
0.0
-0.0075000000000000015
-0.0075000000000000015
0.0
0.0
0.0
0.0
0.0
0.0
0.0
0.0
-0.0075000000000000015
0.0
0.0
0.0
0.16430625000000001
15.692720515625002
0.0
0.0
0.0
0.0
0.0
0.0
-0.022500000000000006
-0.0075000000000000015
0.0
-0.015000000000000003
-0.14250000000000007
0.0
-0.1650000000000001
-0.0075000000000000015
-0.0675
-0.022500000000000006
-0.045000000000000005
0.0
0.0
-0.0075000000000000015
0.0
0.0
-0.0075000000000000015
0.0
0.0
0.0
0.0
0.0
0.0
0.0
0.0
0.0
0.0
0.0
0.0
0.0
0.0
0.0
0.0
0.0
-0.015000000000000003
0.0
0.0
-0.015000000000000003
0.0
0.0
0.0
0.0
0.0
0.0
0.0
0.0
0.0
0.0
0.0
0.0
0.0
0.0
0.0
0.0
0.0
0.0
0.0
0.0
0.0
0.0
0.0
0.0
0.0
0.0
0.0
0.0
0.0
0.0
0.0
0.0
0.0
0.0
0.0
0.0
0.0
0.0
0.0
0.0
0.0
0.0
0.0
0.0
0.0
0.0
0.0
0.0
0.0
0.0
0.0
0.0
0.0
0.0
0.0
0.0
0.0
0.0
0.0
0.0
0.0
0.0
0.0
-0.0075000000000000015
0.0
0.0
0.0
0.0
-0.0075000000000000015
0.0
0.0
0.0
0.0
-0.015000000000000003
-0.0075000000000000015
-0.0075000000000000015
0.0
0.0
0.0
0.0
0.0
0.0
0.0
0.0
0.0
0.0
0.0
-0.0075000000000000015
0.0
0.0
0.0
0.0
-0.0075000000000000015
0.0
0.0
0.0
0.0
0.0
0.0
-0.015000000000000003
0.0
0.0
0.0
0.0
0.0
0.0
0.0
0.0
-0.0075000000000000015
-0.022500000000000006
0.7059828368619414
0.0
121.14760798857695
6.216130583598073
0.0488772893740361
-0.0075000000000000015
-0.015000000000000003
0.0
0.0
0.0
-0.0075000000000000015
0.0
-0.0075000000000000015
-0.015000000000000003
0.0
0.0
0.0
0.0
0.0
0.0
0.0
0.0
0.0
0.0
0.0
0.0
0.0
0.0
0.0
0.0
0.0
0.0
0.0
0.0
0.0
0.0
0.0
-0.0075000000000000015
0.0
0.0
0.0
0.0
0.0
0.0
0.0
0.0
-0.0075000000000000015
0.0
0.0
-0.0075000000000000015
0.0
0.0
0.0
0.0
0.0
0.0
0.0
0.0
0.0
0.0
0.0
0.0
0.0
0.0
0.0
0.0
0.0
0.0
0.0
0.0
0.0
0.0
0.0
0.0
0.0
0.0
0.0
0.0
0.0
0.0
0.0
0.0
0.0
0.0
0.0
0.0
0.0
0.0
0.0
0.0
0.0
0.0
0.0
0.0
0.0
0.0
0.0
0.0
0.0
0.0
0.0
0.0
0.0
0.0
0.0
0.0
0.0
0.0
-0.0075000000000000015
0.0
0.0
0.0
0.0
0.0
0.0
0.0
0.0
0.0
0.0
0.0
0.0
0.0
0.0
0.0
0.0
0.0
0.0
0.0
0.0
0.0
0.0
-0.0075000000000000015
0.6169406219140626
0.0
0.0
0.0
0.0
0.0
0.0
-0.015000000000000003
-0.015000000000000003
-0.0075000000000000015
-0.030000000000000006
5.063448644056195
141.87647753453535
0.0
0.27438644687018043
-0.037500000000000006
-0.015000000000000003
-0.0075000000000000015
0.0
-0.015000000000000003
0.0
0.0
0.0
0.0
0.0
-0.0075000000000000015
0.0
0.0
0.0
0.0
0.0
0.0
0.0
0.0
0.0
0.0
-0.0075000000000000015
0.0
0.0
0.0
0.0
0.0
0.0
0.0
0.0
0.0
0.0
0.0
0.0
0.0
0.0
0.0
0.0
0.0
0.0
-0.0075000000000000015
0.0
0.0
0.0
0.0
0.0
0.0
0.0
0.0
0.0
0.0
0.0
0.0
0.0
0.0
0.0
0.0
0.0
0.0
0.0
0.0
0.0
-0.0075000000000000015
0.0
0.0
0.0
0.0
0.0
0.0
0.0
0.0
0.0
0.0
0.0
0.0
0.0
0.0
0.0
0.0
0.0
0.0
0.0
-0.0075000000000000015
0.0
0.0
0.0
0.0
0.0
0.0
0.0
0.0
0.0
0.0
0.0
-0.0075000000000000015
0.0
0.0
0.0
0.0
0.0
0.0
0.0
0.0
0.0
0.0
0.0
0.0
0.0
0.0
0.0
-0.0075000000000000015
-0.0075000000000000015
0.0
0.0
0.0
0.0
0.0
-0.015000000000000003
0.0
0.0
0.0
0.0
-0.0075000000000000015
0.0
0.0
0.0
0.0
0.0
-0.0075000000000000015
-0.0075000000000000015
1.2338812438281253
0.0
0.0
0.0
-0.015000000000000003
0.0
0.0
0.0
-0.022500000000000006
-0.015000000000000003
0.1501965673723883
79.6541584913752
0.0
30.312711461856438
0.016938644687018046
-0.030000000000000006
-0.037500000000000006
0.0
0.0
0.0
-0.0075000000000000015
0.0
0.0
-0.0075000000000000015
-0.0075000000000000015
0.0
0.0
0.0
0.0
0.0
0.0
0.0
0.0
0.0
0.0
0.0
-0.0075000000000000015
0.0
0.0
0.0
0.0
-0.0075000000000000015
0.0
-0.0075000000000000015
0.0
0.0
0.0
0.0
0.0
0.0
0.0
0.0
0.0
0.0
0.0
0.0
0.0
0.0
0.0
0.0
0.0
0.0
0.0
0.0
0.0
0.0
0.0
0.0
0.0
-0.0075000000000000015
0.0
0.0
-0.0075000000000000015
0.0
0.0
0.0
0.0
0.0
