0.0
0.0
0.0
0.0
0.0
0.0
0.0
0.0
0.0
0.0
0.0
0.0
0.0
0.0
0.0
0.0
0.0
0.0
0.0
0.0
0.0
0.0
0.0
0.0
0.0
4.824502845137895E11
2.5630499654439756E12
6.6438214487418305E13
1.157560984071723E15
1.8402736417940888E16
6.0110529424043696E16
1.6969015371930946E16
2.0916503564963205E15
1.639003571867186E14
6.118098042211486E12
4.5127315658812115E11
0.0
1.8507926826158938E12
1.1226509074498885E13
2.2222847658874956E14
8.927590859376401E14
9.233765705267142E15
2.7588939094021904E16
9.387161768458646E15
9.760703866871972E14
1.6337987797780322E14
2.503607432612955E12
7.626322905185845E11
0.0
1.9076725532123286E12
1.7944723966866465E13
1.0566219503439055E14
3.687720126520867E14
1.8844692843181722E15
5.902698663526421E15
3.5647120844404905E15
3.141309477187467E14
8.68794339609773E13
3.4491554585913145E12
9.306179945469384E11
0.0
9.281147829709836E12
3.7826998964671664E13
1.1879789362577525E14
2.0300443424590184E14
3.990454561233954E14
1.295284506787965E15
5.881913828368585E14
3.8703052944456275E14
8.907522447223722E13
1.3779320441373686E13
1.1148045816563496E12
0.0
2.6890890165926555E13
1.4289015269205394E14
5.519068775165785E14
5.114830967320293E14
1.9258115776060825E15
0.0
2.960627583928721E15
1.590272342960861E15
4.031495046981194E14
1.815434135225506E14
7.667832510874456E12
0.0
4.398690118284362E13
6.416783158665242E14
1.8733398970183902E15
2.601676709879412E15
1.3246428123119966E16
1.62801208336327872E17
1.5895894594054084E16
1.3250901799876092E16
1.3392059102999225E15
1.7734481766698178E14
7.091733088495756E13
0.0
1.8535527264096944E14
2.2667865428139645E15
1.205138512943963E16
1.160035070068921E16
9.0911650985873504E16
2.15745490252619296E17
8.3506722977666016E16
2.7795164003653688E16
1.1051446803491496E16
7.08411571303144E14
8.371040729681445E13
0.0
3.57640016707526E14
3.936763296776139E15
2.6223261620522432E16
4.5195157489722728E16
3.7742532766939283E17
8.130542781813527E17
3.6776133037269632E17
1.74633810917750304E17
1.128565421587696E16
2.3437173508432995E15
6.568811993658728E14
0.0
5.978731532300961E14
9.63543051703693E15
8.8258780076375792E16
2.5233216803372064E17
1.245610549454624E18
5.0385281936291348E18
9.7641343327772134E17
3.2321092897193229E17
3.6208213352508976E16
8.94012315353327E14
1.4263085114536666E14
0.0
1.2382182976950456E14
1.1436149356175252E16
9.7795797973639008E16
4.4541950666879642E17
5.4462519555246479E18
2.553862614783886E19
2.4473967563969091E18
6.0116704783914586E17
1.02849403747331504E17
1.0954795439472764E16
5.669170608102116E14
0.0
0.0
0.0
0.0
0.0
0.0
2.46108200790959808E17
0.0
0.0
0.0
0.0
0.0
0.0
1.1425272698355251E12
7.304779006609758E12
3.835318231672629E13
4.668608254608617E14
9.786343743563396E15
5.1122416168903752E16
6.804906549905301E15
2.0965003096749132E15
7.05302505469359E13
2.4387420710076084E12
3.802035857770276E11
0.0
6.059828375457574E11
8.98421722143592E12
5.5774545873860484E13
3.7352225740339006E14
3.1256688029081455E15
2.0010704451717696E16
4.1622034444589005E15
5.0802400872726825E14
3.7194312628548805E13
2.5323337191300225E12
7.949938428949602E11
0.0
4.85273868767757E12
2.0600216842476668E13
2.0672790321989794E14
2.2979037609862238E14
5.457646338170695E14
2.291846545004926E15
1.2121035761232645E15
2.8000546180184197E14
8.405802318110698E13
2.9434941407681025E12
1.5551071369259956E12
0.0
2.725311610005251E13
1.4579314520508216E14
6.526277141721459E14
5.604583816357436E14
2.5122720235316315E15
7.013139795999622E14
2.797470851840421E15
7.881227772824751E14
5.325406516480463E14
5.799299918412167E13
5.566457519787248E12
0.0
8.823178755454183E13
4.990950200090875E14
3.809759853651381E15
3.2184588133382115E15
1.0122041586778818E16
3.051381516350099E14
1.4145444351660964E16
7.76040698016511E15
1.636323141224188E15
3.5993526518508056E14
2.730301742802183E13
0.0
4.683471540579089E14
1.8242464619199428E15
1.0740354329253994E16
1.6558684054863044E16
5.2366238786745864E16
0.0
5.8892892352604032E16
5.2893545454464488E16
4.507766515270595E15
1.0179154542137708E15
1.6644649587443378E14
0.0
5.19098342739216E14
4.075784978082132E15
3.8048444464773136E16
3.9641410311073832E16
2.69310102544394688E17
5.3353012239456525E17
2.62171847981643808E17
1.38508280294019936E17
2.6242984996359976E16
3.7022203279827525E15
8.458775243564376E14
0.0
7.530607436133608E14
1.73356323129331E16
1.01519299695675104E17
1.10708140180228272E17
7.3695427682810227E17
1.61898798158481946E18
1.00604867028682829E18
2.16334735723868928E17
5.2590161100897416E16
1.44303705637705E15
2.8557694396699625E14
0.0
2.7074641464553825E14
3.0065586099660796E16
1.21332155574679808E17
7.8366956993965901E17
2.8889444807848632E18
7.1733865705631119E18
2.7564767883065149E18
4.2756269906696096E17
7.9593581504382016E16
1.3276247138692992E16
3.1969287126266056E14
0.0
4.2109996153911644E14
8.298045493233182E15
1.172602315719352E17
1.25718239080638618E18
1.196557061460605E19
1.6283297492800322E19
5.7071984655030641E18
5.4929949270960422E17
2.7105714101454816E16
3.74078104385844E15
1.499968867922005E14
0.0
0.0
0.0
0.0
0.0
0.0
0.0
0.0
0.0
0.0
0.0
0.0
0.0
0.0
0.0
0.0
0.0
0.0
0.0
0.0
0.0
0.0
0.0
0.0
0.0
0.0
3.767784069697793E11
7.548832902992027E12
9.657622498197188E13
1.598003843547316E15
2.96662704921762E16
2.868547917784418E16
8.649227959266536E15
7.605755812983385E14
1.6063495231764897E14
2.97411698436787E12
0.0
0.0
1.499089252566157E12
1.1786826211170924E13
1.036601018174029E14
1.26274551566216E15
9.987064505229264E15
2.5771735296218744E16
9.277684150917026E15
8.955337406709336E14
1.989922689862985E13
2.4499274565763726E12
0.0
0.0
8.694022084894565E11
1.2393800670563123E13
6.568698828109542E13
5.692752575995681E14
4.269529468339073E15
1.0698277269346138E16
2.1036284963423228E15
2.906238116331978E14
2.806212924983598E13
4.097327241149243E12
0.0
0.0
8.108636891426094E12
4.973015692232916E13
1.1457132175874853E14
1.8678477066509834E14
7.299301263246448E14
1.8577012126370588E15
1.2292902656162735E15
2.4714038322987694E14
5.6943542577514234E13
7.22503757706867E12
0.0
0.0
3.616353015855053E13
1.084648938293146E14
2.973091487184945E14
5.755836482987812E14
2.3678779201359525E15
6.778291719859712E14
3.605622081511856E15
1.5639795354164935E15
4.943863121715241E14
3.655006980712321E13
0.0
0.0
9.690371098367873E13
4.857434907840003E14
1.1992637434966088E15
3.994711195054481E15
0.0
1.889444099445332E16
1.6969046216938978E16
8.484885556890206E15
1.2258385374644368E15
2.9423013546898106E14
0.0
0.0
5.854247189295145E14
3.7686924058452535E15
1.5482638965530162E16
1.9705047567641788E16
7.2176655927127696E16
1.4244764861319048E17
1.04159153205457888E17
3.5229469831826112E16
1.007266758938909E16
1.2357684490220065E15
0.0
0.0
3.4544783695348844E14
1.1821918977608256E16
2.795875794183652E16
1.08520879238162608E17
4.1846008665129632E17
6.8316266020669504E17
4.7176951676583558E17
8.6377863331223584E16
1.9574808611696128E16
4.288859708514515E15
0.0
0.0
1.3298692882638655E15
2.2156982941823816E16
7.594416387246608E16
2.8340474621082736E17
1.09809534624976038E18
2.07329183926631424E18
8.0930635046382733E17
2.31880455112115904E17
1.7148272079064664E16
2.2136045089734102E15
0.0
0.0
9.676687296095154E14
2.3507910749447176E16
2.9575595846182144E17
1.37053059570510106E18
6.9237931560954839E18
5.7704233737511844E18
1.19435300395728845E18
4.0280102541733907E17
7.5811550543046192E16
7.117830639197428E15
0.0
0.0
1.465008798794378E14
7.637265805933048E15
1.54239208069026496E17
2.04151628734867763E18
2.1853200859162096E19
1.7647886590490413E19
1.95495941619110912E18
1.60575951790922304E17
1.8729909567861672E16
7.426324539564538E14
0.0
0.0
0.0
0.0
0.0
0.0
0.0
0.0
0.0
0.0
0.0
0.0
2.5241721947028265E11
2.6634104138352036E12
3.1220921197039438E13
2.3103767334777666E14
3.454618736738816E15
3.3709169595100428E16
3.5915744918122788E16
4.92700856969612E15
2.2712900787695966E14
2.87552531745995E13
4.1199239207698083E11
0.0
9.085157747056082E11
1.021023456903066E13
5.671515491238596E13
8.06867644458882E14
4.734085989110839E15
2.6591467879083564E16
1.4438951631637876E16
3.66641089911129E15
1.9413297060414238E14
7.539313428699941E12
7.093795291434744E11
0.0
1.19020612281662E12
4.972833131854931E12
6.788528706729279E13
1.6878579375484478E14
1.0219522657284072E15
7.200931382257826E15
3.9413034275338145E15
4.973775474747159E14
7.47728613543662E13
3.696763469270966E12
1.2705068800471807E12
0.0
6.210730033684141E12
2.7144390779661023E13
1.2815819000090089E14
1.6487274913050044E14
4.357226208169747E14
1.1129453472562828E15
1.2543331366752835E15
3.05392562095892E14
1.4798664412743525E14
7.024179582919826E12
1.4723531217575781E12
0.0
2.3472001317043848E13
1.4597218299522222E14
7.028069297493614E14
7.653394315885385E14
1.2272779634031515E15
6.48402468160419E14
3.648841953736385E15
1.4648741109115148E15
2.0237775625202875E14
9.411315773101731E13
3.7922113491274106E12
0.0
8.854942884597725E13
3.4972493687869256E14
2.289292387135032E15
3.7827846570887435E15
1.4677363574661192E16
1.3671585522669316E16
0.0
1.2474029733213548E16
1.3106842441351755E15
3.208476063335065E14
6.361213372404518E13
0.0
3.058299535191828E14
2.861351168353055E15
1.1266801896942934E16
1.6805990821218384E16
5.6869214847308496E16
1.17850384992546432E17
5.4484600191000824E16
4.5994219508178576E16
6.790475436814391E15
3.0534158989976955E15
2.131734719203274E14
0.0
3.5267607743034944E14
4.662946536310438E15
4.2607169829806424E16
8.09603346166008E16
3.3217584353704077E17
9.4040671385435392E17
3.1060160536640141E17
1.43541413525706432E17
2.3304951653077764E16
2.782310551595501E15
4.616181599027794E14
0.0
1.0084085015460685E15
1.014876210213077E16
7.0963871303630808E16
2.01142652205311936E17
5.6205539151279405E17
1.60077790626156442E18
1.04159398264029862E18
3.0766941934778579E17
4.1429185336101856E16
2.892479289363364E15
2.50057318750735E14
0.0
3.020045524284883E14
6.543422029013054E15
1.55001816560083392E17
1.01912164410317555E18
3.9781183347353559E18
7.8644339121709896E18
3.7520669047131837E18
8.2722408939289088E17
2.68864937162483808E17
1.1435652179049274E16
9.870754848155659E14
0.0
6.272565650325162E14
3.1352501206455605E15
5.3678356533489632E16
4.8581217358998643E17
3.7291250723314862E18
1.9456428638052663E19
1.5475652550761462E19
5.4555678520565402E17
3.0338623156271808E16
4.661988817127219E15
5.366050657330587E13
0.0
0.0
0.0
0.0
0.0
0.0
0.0
0.0
0.0
0.0
0.0
0.0
0.0
0.0
5.921307629558724E11
4.3734594906529004E12
6.5718352736134516E13
3.8562049623457625E14
1.146826972179758E16
8.5408694060588592E16
1.6524188108471542E16
9.75178151894148E14
1.8482560304032562E14
1.982180740087802E13
3.334221015689655E10
0.0
1.365297391121829E12
5.239265813566874E12
1.3799350436421858E14
7.180510199806155E14
1.2153667155733398E16
3.3606212417271556E16
8.1087052859457E15
1.6946691261253972E15
2.536566486534783E14
5.327624825338763E12
7.921580323711946E11
0.0
1.1054705137075815E12
4.45964587665955E12
7.411769936921666E13
2.3178245490529994E14
3.119678889351389E15
1.1894084334958716E16
3.098319858872964E15
4.4152290201102944E14
3.041992490550363E13
3.4039783356390586E12
5.980661704926234E11
0.0
4.999493400825389E12
3.730111191038123E13
8.402348118663112E13
1.6754797546231412E14
4.17821058484818E14
1.974855063609707E15
1.172595718196923E15
2.1935631000056756E14
1.0190225629063542E14
1.104841175795745E13
1.5474177233139453E12
0.0
1.988991318424075E13
9.788248451120492E13
2.5873417282592062E14
5.343028689733194E14
6.974019476969375E14
5.809075371730406E14
4.1770952548034475E15
1.483262259670112E15
5.2198521054360294E14
1.2004757308270353E14
5.27244541798875E12
0.0
1.4277088261610688E14
6.023606133045034E14
9.720640880325205E14
2.680219244831018E15
1.0936513798241704E16
0.0
2.529636820154896E16
1.1810323797044086E16
1.432115736222149E15
1.618576700190474E14
2.6136756001988336E13
0.0
2.078109596570306E14
3.6536837154515425E15
1.981308020479683E15
1.0552848172570424E16
4.8520031185722448E16
1.93666407474622688E17
4.2029778429331032E16
2.5658284731212804E16
6.607975554205386E15
5.340944413486148E14
1.313719025074454E14
0.0
2.61475947120201E14
9.888387268774598E15
2.911186317735402E16
8.1555510745667936E16
4.2838498217333933E17
6.2216106890672717E17
4.2676713410161869E17
8.1895687983840368E16
1.4738143560509214E16
6.14814698462033E15
1.2928194487867198E14
0.0
4.193927485683046E14
1.262771620046129E16
9.9954101611508576E16
1.88163007498212192E17
5.0921127658694336E17
2.15627716819603251E18
6.7074793813889626E17
4.2585670220865747E17
4.9576462975610176E16
3.512985480572219E15
1.7632923728012806E14
0.0
5.933758247626731E14
3.0952730959906952E16
2.44541098088615424E17
1.41598061708373376E18
2.24018689750321638E18
1.6093412815970572E19
2.8501723022385096E18
5.0108229180542554E17
1.27996536519947792E17
1.3390126186457292E16
4.788630939971209E14
0.0
1.532272623996033E14
2.3729679185393085E15
6.5975856037406592E16
7.958102275822944E17
9.721102541209305E18
3.5329968403054236E19
8.434294965670527E18
2.39501379649420736E17
2.009857760256082E16
2.868513204166817E15
2.1688030705499547E13
