0.0
0.0
0.0
0.0
0.0
0.0
0.0
0.0
0.0
0.0
0.0
0.0
0.0
0.0
0.0
0.0
0.0
0.0
0.0
0.0
0.0
0.0
0.0
0.0
0.0
4.8647065959052305E13
1.680212397305235E15
1.0202305274238016E16
1.13443067202755472E17
3.1780131085830835E17
8.3238450117047475E17
2.00569315045229376E17
2.5110150481796064E16
4.720352645443255E15
9.110047448984895E13
7.018008638717752E12
0.0
7.414502968590762E14
5.08322998251668E15
2.811637867610204E16
6.4805468574890056E16
1.75797924242675776E17
4.7069165239950362E17
1.90513415904677536E17
5.7442736881115368E16
5.686848579176883E15
3.3632901554009525E14
1.0659519881779668E13
0.0
5.5355267745415625E14
3.2435209262568785E15
9.714273598809956E15
2.4101082603651204E16
1.02721301338884336E17
1.9961390314758992E17
1.0880953738332352E17
1.5722606684586832E16
9.867927257097166E14
1.76474369046474E14
3.938852070159008E13
0.0
3.290187265087065E14
1.3051260471566922E15
3.4227674233965315E15
9.433176161103778E15
3.2619145972844456E16
6.8679518366356784E16
3.788420399066932E16
8.45640802102931E15
3.0937352747560835E15
1.128974032541988E15
2.4294055826625656E14
0.0
1.4175085511063912E15
3.9783837645468995E15
1.8416020311986408E16
5.0672446868352464E16
6.3897533085909968E16
0.0
3.1504058685894541E17
6.9634738884543232E16
9.35743623080588E15
3.2615407773496645E15
5.071342554298017E14
0.0
3.188148994199302E15
1.9003335697516844E16
7.2917999366326832E16
9.4446334432063296E16
2.61336758536379168E17
3.0310862509138862E18
6.4273497306964134E17
2.22687896425674944E17
4.8303969130961344E16
1.3644326178467444E16
3.743543862141327E15
0.0
5.652615364668136E15
5.6187677895722528E16
1.16052454110431552E17
6.823381324031689E17
6.468223131892311E17
2.16445569700025037E18
1.7184560863730153E18
4.1238282336480371E17
2.35539331318103488E17
4.7967787880178024E16
2.934251424388122E16
0.0
2.2902384660327108E16
9.2279003917792528E16
5.0714019383030029E17
2.19694511893664819E18
4.4989201494583793E18
1.327313916530398E19
1.2986853508968858E19
1.09685177271118669E18
7.4515939219766323E17
1.4012277935767272E17
4.2433594925242144E16
0.0
4.0253369209347072E16
1.45105886844343744E17
1.96303260648063232E18
9.913900131110916E18
3.3575660223235326E19
1.189886129562769E20
5.840961233582373E19
5.1688653350580142E18
1.61891445134458061E18
1.01222323081665472E17
4.7269030643916912E16
0.0
3.10734138520222E15
9.1010303329719216E16
2.5603474539523384E18
1.2649508263199707E19
8.813051873281063E19
1.0664915327424623E21
1.2877947548995594E20
9.403490726423593E18
1.70996731571039027E18
9.828990025060304E16
6.404484637546993E15
0.0
0.0
0.0
0.0
0.0
0.0
4.5090553915431209E18
0.0
0.0
0.0
0.0
0.0
0.0
3.1597182300574175E14
4.749875051080065E15
1.427407512472542E16
3.83880372253854E16
2.37597995618859296E17
1.08161995589589517E18
1.49916357233674752E17
2.4964766448100212E16
2.7545250773878435E15
1.5178699814992038E14
1.274612711180616E13
0.0
4.0321774909837125E14
1.7408680758245078E15
1.0467100753208586E16
2.7853311327559156E16
1.38280386566525216E17
3.4832490942326778E17
1.1304222712015232E17
3.0487196162239252E16
1.0165429430157146E15
9.158630702432694E13
1.4047583845001352E13
0.0
4.8165108756983394E14
1.4110393864717048E15
8.668384288550098E15
9.100407967945154E15
3.6167052776781152E16
6.2605527514847152E16
5.2135729075770256E16
1.266150869220518E16
8.872844121014064E14
6.76669544331575E14
1.6734953036320738E14
0.0
6.786327868552468E14
5.055357539496467E15
2.2786253066595456E16
2.3348429635349764E16
9.3923932258095264E16
3.380664285119352E16
1.62611573933508864E17
3.7798076977553648E16
9.607155384017932E15
4.194429677119638E15
1.0697645397060876E15
0.0
3.1042469273183815E15
1.5831200776949846E16
7.3553000173108096E16
1.13582435285357504E17
2.8992480516413664E17
3.9328643634721728E16
8.8759120894403942E17
1.1014246257645688E17
3.5939608791753248E16
8.025547300813912E15
3.998127728890036E15
0.0
1.420508432423107E16
5.7922225335704472E16
2.21741732293471648E17
2.84535190631916576E17
8.1949929980028902E17
0.0
1.56038482328799334E18
6.3006483943541568E17
1.93653246538759808E17
3.0229994398066168E16
2.0701550499171908E16
0.0
3.5810913620374832E16
7.2155083374052448E16
3.6098876758374931E17
1.87184981814114202E18
2.08132969585644518E18
1.270913390264029E19
4.3683130542863693E18
2.3867597844393933E18
5.9712778361865894E17
8.7997874848599104E16
4.5439694766392344E16
0.0
4.997900279874232E16
2.8968315613929254E17
1.48087232885232282E18
5.5315036951023043E18
2.4474586278698025E19
6.188034108713318E19
4.126050132319486E19
6.0694184182209802E18
1.81425551378366157E18
4.1469336125880448E17
3.876598834637072E16
0.0
4.7073805444513376E16
3.1027586114329293E17
4.451401038426455E18
1.960941746848426E19
1.0996117725219955E20
3.424328915601077E20
1.3514463059379467E20
1.289040227816337E19
2.750372960264002E18
1.47050871341175424E17
1.926715842106886E16
0.0
1.1968966121227916E16
9.4180673967011264E16
2.9139579884291108E18
2.6015902442359456E19
2.0799634110213004E20
9.696084654518626E20
4.017084052088088E20
1.6169413904468134E19
2.8779960133238717E18
2.8656226264270832E16
5.776264673865465E14
0.0
0.0
0.0
0.0
0.0
0.0
0.0
0.0
0.0
0.0
0.0
0.0
0.0
0.0
0.0
0.0
0.0
0.0
0.0
0.0
0.0
0.0
0.0
0.0
0.0
0.0
3.487941629545756E13
1.5544630174602992E15
1.4994967352003242E16
6.5248018293316408E16
6.8756932672968538E17
6.4227899614374656E17
7.4243053625247984E16
1.6431884840498138E16
1.2186104151362078E15
3.5685491726050516E13
0.0
0.0
6.563230126131425E14
6.693898545089778E15
2.3684738822347948E16
7.1610883389951904E16
2.77938254801000992E17
2.84073673163569088E17
1.15700547755578592E17
2.3895991344232896E16
3.406024076556297E15
2.3398665463623688E14
0.0
0.0
6.552866972535135E14
2.822546742747382E15
1.052098228201024E16
3.287094078378198E16
1.20843334857443008E17
1.34730806893567456E17
4.7668803644918696E16
9.043541689716508E15
2.061962444068628E15
2.85046625282931E14
0.0
0.0
3.3273822738839756E14
1.8013290926308505E15
4.988565010663146E15
8.930656895504589E15
4.9519855319313144E16
9.3232032234911808E16
4.6410071421082352E16
8.821952938500188E15
1.38617082484385E15
8.204046239229771E14
0.0
0.0
1.43049580319477E15
4.741465818256373E15
1.6780870309346174E16
3.415230918199784E16
1.10297698676817232E17
3.5964627235186008E16
2.861926913807144E17
4.28204195324136E16
1.3049466301205352E16
2.3182441200685365E15
0.0
0.0
4.1238732558101525E15
2.0068654670643464E16
1.37295611119121104E17
1.43858314653271104E17
0.0
7.5716944452196902E17
5.62178868550368E17
1.28006524204171344E17
4.752797532520292E16
8.104619640595283E15
0.0
0.0
1.5525274456450782E16
4.9051920159071776E16
9.7611128978989024E16
4.3567057679265165E17
8.287065112515209E17
2.3261637485482967E18
1.96049582513649818E18
6.7252515378429581E17
3.0959927785639718E17
1.08440216158196144E17
0.0
0.0
2.1578123256063308E16
1.01214962605864512E17
5.5959482626140832E17
1.85857825483575091E18
5.5862620466628833E18
1.3997146497193296E19
7.7410950378812948E18
1.10242465434619302E18
4.5622482880072845E17
1.29021126835577232E17
0.0
0.0
4.6393052525981952E16
2.80526399278162208E17
2.3346197593366436E18
6.7697747544093348E18
2.661409965043495E19
1.0854314710056886E20
3.731903832941271E19
6.5984050147441091E18
1.56437960434042317E18
2.05314808187790752E17
0.0
0.0
4.399263486313856E16
3.0145592776348358E17
6.0538310039205612E18
2.9720614943515558E19
1.4642208054632109E20
2.8834763087833183E20
9.103476316771715E19
1.4234146845543324E19
1.52579753054890752E18
8.2102805177471328E16
0.0
0.0
2.034347796369445E15
8.9817579741806752E16
2.6979300670337239E18
6.542868824473371E19
8.140207981706484E20
7.821934594520608E20
1.202142864846138E20
2.287106534455758E19
2.70108484137417856E17
1.4394365968909664E16
0.0
0.0
0.0
0.0
0.0
0.0
0.0
0.0
0.0
0.0
0.0
0.0
2.752971797825946E13
5.033510791459911E14
1.0120779156533988E16
4.8974476043251352E16
1.36463999787937088E17
6.098955108450432E17
7.8032574454107891E17
4.23691129703502E16
3.6165615069656415E15
1.418436762515948E14
4.996623658615266E12
0.0
9.227255114100912E14
4.567239802981869E15
1.8047492401094976E16
5.7023636032937872E16
1.27586864548801664E17
3.4172883898621613E17
1.80242699760895584E17
7.144339605160388E16
6.066091502949763E15
6.184864073164271E14
2.457569916305115E13
0.0
7.699116229676864E14
1.670843410378919E15
1.026568144785773E16
2.591476373633658E16
8.6934953395786976E16
2.55124003691936256E17
9.3138086871089568E16
2.6812760516216756E16
2.0672806791253575E15
4.955730163681092E14
5.465181883878661E13
0.0
1.5283453758914803E14
2.2804630426517025E15
6.572941579577502E15
3.342272371814933E15
2.03737474178133E16
7.666705706850272E16
4.4764557468970328E16
1.122358807869314E16
2.2059423958350842E15
9.618160799986616E14
2.7611311047767894E14
0.0
1.3561634606402512E15
3.695699776928301E15
1.5730903230149758E16
3.7449265323986528E16
8.7782974784567824E16
3.1521840328546576E16
7.1433060867743408E16
3.6712138132592264E16
1.1315616388258038E16
3.487580367223722E15
8.380914132002758E14
0.0
3.710091961309012E15
1.1628560415075618E16
5.912660635377408E16
1.37950884654307296E17
2.51494833643384064E17
1.58102430306248096E17
0.0
2.44157727794501056E17
2.6676707045137056E16
7.048342934022278E15
4.029763435764441E15
0.0
1.265761910027714E16
5.2578006650945672E16
1.66725753792483712E17
2.06974804327935328E17
8.8917747797130445E17
2.4309457563330842E18
1.45081889682083533E18
1.04022950420865357E18
1.36728874396009856E17
9.6048122500198064E16
2.29624042588194E16
0.0
2.5958875170025292E16
9.8278437739595824E16
2.78305112166217728E17
1.68282077370666496E18
3.4460503788839552E18
1.3289286192544944E19
1.3494035812423016E19
1.30177195275838234E18
4.7962430505181478E17
2.16650563488016256E17
4.2038261780762176E16
0.0
6.116324397871304E16
2.32051580450203008E17
1.55941721403985254E18
6.8033032417713039E18
1.7876795362673893E19
9.33632346060857E19
3.1118179536560755E19
1.0024492708618416E19
2.6848534171829007E18
2.03085411825669184E17
1.0318224366506748E16
0.0
3.31536469737668E16
1.22905233590225984E17
1.47853976346322611E18
1.8348756896615983E19
5.825806049968046E19
3.364058687226058E20
2.9408652664657337E20
4.929715034269152E19
3.246551101355178E18
1.67007601598678112E17
2.6701371950413356E16
0.0
7.458120028744055E15
4.1284677326178144E16
7.1073412730295872E17
1.2701018041176267E19
1.2578976282142115E20
6.989477512746162E20
8.628562063694494E20
4.7718482719734145E19
2.8249135089653617E18
3.5220409759912532E16
1.177926225280893E15
0.0
0.0
0.0
0.0
0.0
0.0
0.0
0.0
0.0
0.0
0.0
0.0
0.0
0.0
1.3399010821175127E13
6.79719445361923E14
8.603000014268664E15
4.6567308153496872E16
3.4194475704471194E17
1.45259415704135526E18
2.1147705982412416E17
2.0509942966413044E16
1.6000877014912542E15
6.4763600463743234E13
1.8516995149600762E12
0.0
7.478411051592692E14
2.755080737033161E15
2.7672839230794056E16
7.383407664722048E16
1.9690541750855616E17
5.0001205556714061E17
1.61348853065277056E17
4.770687482977436E16
4.602322795552585E15
2.9152340871236375E14
4.475669846747361E13
0.0
8.624124240843826E14
1.7794043856233802E15
1.2549697763374872E16
3.0171050522759304E16
1.08748964904239792E17
2.64503115665797952E17
9.8732586961469504E16
1.823975277955588E16
1.2821554827108015E15
2.604697403877595E14
3.764249683856864E13
0.0
3.4683115108186744E14
1.909041968173461E15
5.098647619792552E15
6.31156676547798E15
2.8352416672413964E16
8.7077879495632096E16
3.2553760173485452E16
1.317497265023098E16
2.6085706516592075E15
9.598249195026554E14
2.2652914450583256E14
0.0
1.4203585090128472E15
3.385432314445342E15
2.2818722107994576E16
2.7084544319791632E16
6.492288574219328E16
2.4891454402629496E16
2.6192885219696992E17
7.6413845134866336E16
1.410439898043164E16
2.946073482482812E15
6.926033317946938E14
0.0
2.429708009138004E15
1.1223220188956002E16
9.48764333896E16
9.3837672259990656E16
2.30398427551657024E17
0.0
8.2111188821410483E17
1.25619515840386768E17
3.1486764191220336E16
1.0722846692399656E16
4.832453807450299E15
0.0
1.5171391579293132E16
6.3777263082978304E16
1.45173897728477824E17
3.8202449012125235E17
8.720972613206473E17
3.4996148098486973E18
1.17072607592629069E18
4.7607010812458048E17
2.12365929439524032E17
7.0604622647865696E16
1.8768755544975804E16
0.0
2.713090832803262E16
6.6774012294417376E16
3.4243940232977997E17
1.8675044011413591E18
5.980320791655468E18
1.3857404516424583E19
1.1532818025723963E19
1.64163536427488128E18
5.4726017644777344E17
1.30141467365090272E17
3.153005175978284E16
0.0
3.710807797342392E16
2.40190591354790528E17
2.9460707645183222E18
4.3224777957391923E18
3.686048553070707E19
9.338410179226945E19
3.9135875812550935E19
6.4493019846965914E18
2.4996667021841408E18
2.49066777957399584E17
1.4645883874407788E16
0.0
2.9949252289497728E16
2.9980999642567744E17
2.6702136952080154E18
1.9106450300532826E19
1.8628491507135057E20
4.03991936553358E20
1.4429829073500247E20
1.977707474762152E19
1.17282420549948621E18
1.4815660244479408E17
9.88905090633589E15
0.0
1.0721800413641104E16
6.8447265381774328E16
1.12039787131041357E18
2.4042283869180576E19
3.7115237281413805E20
1.2150905937506913E21
3.15422283747807E20
1.3894201968492843E19
2.00610267697505792E18
9.671691838637486E15
5.4878892889742706E14
