0.0
0.0
0.0
0.0
0.0
0.0
0.0
0.0
0.0
0.0
0.0
0.0
0.0
0.0
0.0
0.0
0.0
0.0
0.0
0.0
0.0
0.0
0.0
0.0
0.0
8545591.465405429
6.089837243819393E7
2.392473167952493E8
2.7150317807740927E9
1.7681762529331375E10
1.0790746159095555E11
1.721729703609052E10
2.483774868507601E9
2.1756731459421727E8
3.6563744029951155E7
1704871.9242479876
0.0
1.005637351769039E7
1.8701481175912195E8
5.358061809520824E8
1.9797764772390642E9
1.1515140574561966E10
5.083754099200352E10
8.735292820481583E9
2.0339001736238382E9
2.056801416842705E8
2.554825752017497E7
3004690.822341711
0.0
8517334.992785806
7.631557508542186E7
1.966414592496405E8
6.624589019667023E8
5.074897551718891E9
1.7133163563461493E10
3.483207384578063E9
7.232345931995003E8
8.675898689720225E7
1.6479743680331923E7
4240682.997983538
0.0
4603821.13256797
3.162869928013759E7
6.749850968489185E7
3.9465029401549435E8
1.7577109483327246E9
3.9482792953206425E9
7.796159038348473E8
2.0474074422122708E8
5.799613541844772E7
2.3475384426745206E7
5187310.569399187
0.0
2889841.0188506576
1.5357820932716219E7
7.698134549662878E7
2.450763469855012E8
1.2321969138196995E9
0.0
1.8032698109280288E9
5.181619113266798E8
3.815208331863645E7
3.3168079453393847E7
3956680.5032797502
0.0
1.1108831418921683E7
3.401795041193836E7
1.6041462820570838E8
8.113223352275798E8
5.130557264241333E9
3.690411266881972E10
1.46456278132492E10
2.2653321145712643E9
1.7795781271964207E8
6.679306100942756E7
1.5658943674397975E7
0.0
4.740882069739572E7
2.418617747097529E8
8.831029738200792E8
6.377002582100497E9
1.2332895290708237E10
4.3073772985336494E10
2.2646998385325096E10
1.0619351495239658E10
8.691323631967247E8
1.4026307412415922E8
6.681500512982761E7
0.0
1.2645815503548682E8
1.9490125236205363E8
2.1659419678359528E9
8.646135569115204E9
1.090973747266387E11
2.7927940158761633E11
5.911844370687453E10
9.141868590493791E10
4.326990587211973E9
4.711019319107317E8
1.838713724661122E8
0.0
1.0671100361232899E8
1.2575635941696525E9
4.684789422736672E9
3.891863064280034E10
2.2083826366982938E11
1.46913981557549E12
3.020939025832149E11
1.4299904416947662E11
2.9743067255979056E9
8.991225609676908E8
2.411412802536528E8
0.0
7.337827886542393E7
9.881890192950823E8
1.5033006608950357E10
8.640987536994597E10
6.076659308285582E11
4.457656139093602E12
1.9030044910206895E12
2.1943342141471188E11
4.490317497141725E10
4.0261633850489774E9
2.4989871377287038E7
0.0
0.0
0.0
0.0
0.0
0.0
4.702944560894561E11
0.0
0.0
0.0
0.0
0.0
0.0
6933871.3699880745
8.457530061375964E7
4.068146924157082E8
2.211451763388707E9
1.0913178836676813E10
1.1554217766818843E11
1.2125842067762445E10
5.664693232521143E8
1.2962757221690667E8
1.20109035622935E7
1672323.7809754154
0.0
9374781.934598224
6.844139419706316E7
1.5889329902950752E8
1.035742951100944E9
8.483595367581134E9
1.5590677051347641E10
5.258091200217064E9
5.156512849154021E8
1.4734613155396056E8
6227172.164412908
1101727.7245105673
0.0
5228934.478437272
3.753460247035883E7
8.207217407384014E7
2.093012908231992E8
2.0426592112927353E9
6.866720466647644E9
1.166736801719793E9
2.7462437689988714E8
7.031340185464893E7
5795352.451228277
2893901.4519000584
0.0
3167932.591230587
1.574683408248647E7
6.045637063696925E7
2.69487060272513E8
1.5019093902873206E9
9.53888023269916E8
2.5931514007319293E9
6.649439168640896E8
1.2383431402659087E8
2.0684929471724384E7
2764491.220825471
0.0
1.263274489271746E7
5.761194602526047E7
2.859385434354116E8
6.181822275139177E8
5.857286162096517E9
9.474596398097118E8
8.79540142932493E9
1.1754549859931564E9
1.672265836821818E8
7.747776543816386E7
6721567.166142584
0.0
2.915188174346958E7
3.518193047550449E8
1.9703123493843052E9
4.976941092713315E9
1.7560570827068413E10
0.0
4.171480207916469E10
1.0080854561167133E10
1.0839275928094928E9
2.5108132630852407E8
5.9102601586151294E7
0.0
9.520912478722386E7
7.852775040613639E8
2.6031037763862195E9
3.75441782736745E10
6.226786980096705E10
1.0260667173671426E11
9.160261404240599E10
5.341380255496169E10
6.590579038491135E9
5.834798967433832E8
1.2456730644093886E8
0.0
2.6120596534615454E8
1.1148220183514009E9
9.88588478063995E9
6.7087773194408615E10
3.569335812403921E11
5.4249999232348376E11
3.4235889277888513E11
3.4513888274440814E11
1.2337737441729813E10
7.617801342476258E8
2.6664039886022067E8
0.0
1.5621048315967214E8
3.015290902776343E9
3.2764941626263096E10
4.624145385619993E10
5.2741176483926135E11
2.8763449890266294E12
8.172211376200869E11
4.633804612128086E11
8.954333560298811E10
1.421317721101213E9
3.521002461596079E8
0.0
4.7256632764950655E7
1.3104935390340955E9
4.150785276341129E10
2.3997120269042322E11
1.1472638778565957E12
5.954003917094136E12
2.105541662565889E12
2.9040163873836096E11
1.5797535198997425E10
2.0657596511755197E9
8.336848142975192E7
0.0
0.0
0.0
0.0
0.0
0.0
0.0
0.0
0.0
0.0
0.0
0.0
0.0
0.0
0.0
0.0
0.0
0.0
0.0
0.0
0.0
0.0
0.0
0.0
0.0
0.0
8488493.347497663
5.013729294338847E7
1.7617546750416762E8
2.830088448967507E9
5.134728510456967E10
6.323046961609409E10
1.1989648450619175E10
8.64589928252062E8
8.276975106624919E7
4762556.150329795
0.0
0.0
1.0242038899009172E7
2.089914956648693E8
5.0601595725972456E8
3.6516570349492617E9
1.4959846419187943E10
3.433601393677221E10
8.926972230911875E9
1.2120880607200398E9
2.1078680236649048E8
3.0410796892691802E7
0.0
0.0
7159837.03393154
7.80241242300146E7
3.552753711231711E8
1.2128017817278595E9
7.2781503866384735E9
1.838367484679377E10
2.577227600008865E9
4.53604987417245E8
1.0420618067600176E8
1.5159875803923473E7
0.0
0.0
6212428.996110272
3.0310284220104866E7
6.827901819720294E7
3.359126193286156E8
2.040763253194024E9
4.677259647261089E9
8.382143243611965E8
2.472921092163475E8
5.937074126596287E7
2.8526742358151164E7
0.0
0.0
4458472.784824107
3.3367464669093266E7
7.160540293383962E7
2.2121694047275156E8
8.238285720327004E8
8.794801847159224E8
3.0687219521816735E9
5.360553305771773E8
8.344103375727317E7
1.9173486415553957E7
0.0
0.0
7912184.01937262
3.279255261295402E7
3.444485267637451E8
1.0653065096566488E9
0.0
1.5274289556363972E10
6.0405345327793E9
1.477683700266057E9
2.5559726524525216E8
4.968427807768541E7
0.0
0.0
4.461279682131361E7
3.554882899996876E8
2.0146947020708666E9
8.390756346391029E9
2.1191884396832214E10
3.1339590566835175E10
1.5841179502166643E10
1.1450979168573168E10
1.607942136785328E9
2.5372738566937822E8
0.0
0.0
1.6902948158613208E8
7.932500213538032E8
4.057838628750781E9
3.3292667896543274E10
7.401645333977435E10
7.367089987434679E10
4.838940904985826E10
6.0285225678178E10
6.358474134622936E9
1.113139824397263E9
0.0
0.0
9.294732842504619E7
7.333219982105879E8
1.1044633770519623E10
2.539124646758349E10
3.050523138329009E11
1.301566478996924E12
4.434991757091015E11
7.582587661452539E10
6.284895146219061E9
7.696571163876492E8
0.0
0.0
1.34322153073435E8
2.160565822831339E9
3.2546128623389786E10
9.344996917962074E10
1.0961881418216722E12
2.6186771093836133E12
1.2119174327876755E12
4.8540292505957526E11
3.1733847998985332E10
3.77006014924287E9
0.0
0.0
3.8903138234781995E7
3.384606525475313E9
6.2106160911426704E10
5.483286558685713E11
5.708940119930095E12
5.811620682759061E12
1.1866841045259717E12
8.215827748380699E10
8.936609314013876E9
3.240939934466963E8
0.0
0.0
0.0
0.0
0.0
0.0
0.0
0.0
0.0
0.0
0.0
0.0
5223629.578711597
4.638874100599709E7
2.071320631267596E8
8.074967071791139E8
7.802408192529985E9
5.295142212812303E10
6.740169345106297E10
3.7837616200611606E9
2.7189435017037857E8
1.8600055716355458E7
791622.7026356912
0.0
1.223776573609345E7
5.039483460838613E7
4.511307453246167E8
1.8853598170864303E9
9.927454280074234E9
3.81892966443775E10
1.5136226237599222E10
2.827460125558401E9
2.3817459199787045E8
5.4935880254293956E7
5021235.569528317
0.0
7327877.29244916
4.077109172766947E7
1.9072521527745682E8
5.817667482302811E8
3.081039404119344E9
2.3788245227437336E10
3.3356975080426865E9
7.323570465267887E8
1.3265406385925731E8
1.6117134280411964E7
6203461.620634706
0.0
6780596.342036968
1.6412594324961597E7
1.0401634808158556E8
2.421113706252435E8
1.0228066023062592E9
4.4144305582130375E9
2.46364023191187E9
5.1107117662810576E8
7.319362348016898E7
2.4289558560303412E7
7287864.152254863
0.0
4962584.734849969
1.5375688513395974E7
5.695081360944947E7
1.84507411426431E8
7.781384233948678E8
6.073120084012781E8
1.7896981462623901E9
5.774558634362001E8
1.692801472166426E8
2.9512552002838545E7
4094018.2318578456
0.0
8078978.603331298
6.4051039810594864E7
2.6303612027718505E8
4.9978209037457645E8
2.941710430720718E9
1.7591735937103395E9
0.0
1.7739229477922616E9
3.8674641570844984E8
4.543113698316838E7
1.772701570466574E7
0.0
1.2535879739500558E7
3.137163208948853E8
2.175790193227E9
1.187322309910025E10
1.953133541859222E10
3.432533957715984E10
3.5666665015528175E10
1.1553499856086103E10
1.253271274564429E9
3.334174816252351E8
4.2626925867593184E7
0.0
5.073835116572873E7
5.794702162633388E8
2.728082665363976E9
2.0219376963715508E10
1.2816240500247836E11
1.1809291703030093E11
7.466067407959535E10
9.699964213331487E10
6.743542822929482E9
2.5822357084447706E8
1.816599740433183E8
0.0
1.0613467555728772E8
7.361556152589566E8
5.135228894330185E9
4.936974143220123E10
2.3827200949691827E11
1.0818684637513505E12
3.133276555823267E11
2.4554017196250745E11
2.479589286985315E10
9.988903761382972E8
2.3472058980700326E8
0.0
7.923705502822405E7
6.890956751516333E8
1.4787337159184898E10
1.00589486770523E11
2.726883502905233E11
2.1701299310036023E12
1.6167153127858174E12
6.81748029896429E11
1.0930712810711525E11
1.0149783261769058E10
4.8125591578700334E8
0.0
1558620.322185986
5.931529830622146E8
2.4872338020327854E10
1.872033672890532E11
7.176431320548499E11
4.2898260374019795E12
6.529321320585169E12
5.524269757503419E11
2.687236499442126E10
8.582684953829086E8
1.8098028809978988E7
0.0
0.0
0.0
0.0
0.0
0.0
0.0
0.0
0.0
0.0
0.0
0.0
0.0
0.0
3206830.738810002
4.416866509273E7
1.2661474121479043E8
2.1038148027763066E9
1.1890103499170649E10
1.5894408804680887E11
2.0353708278000526E10
2.832725316290266E9
1.3261951019807339E8
1.6886328055742905E7
843717.5454485718
0.0
6415526.8539754385
1.1926686171513596E8
3.1491101785573983E8
1.2768529006870923E9
1.1574659144204659E10
6.861568311003634E10
1.4706391973344717E10
2.3105158019802437E9
1.6543890966909486E8
3.719182873248066E7
2657711.378080433
0.0
6537066.773609022
6.046259876246096E7
1.931991969339302E8
9.590680626817641E8
6.896433632923178E9
2.6239557470866135E10
5.764178742054336E9
7.043256734207432E8
9.889329499253853E7
1.181624685477669E7
1622463.5650495896
0.0
6229452.225901594
2.89290194317729E7
6.961941748142545E7
1.523135528437966E8
1.608626320951688E9
4.976786597337311E9
1.6067219569244013E9
3.387010055356337E8
8.45335811606571E7
2.4730957641491078E7
3040669.3163097543
0.0
2358063.8528413777
2.6011036421588905E7
6.851309410338597E7
1.5341060073880258E8
1.1037229871964083E9
5.413881475449854E8
2.79061731080498E9
4.037662979447593E8
3.67433642399997E7
2.4340461395782843E7
3238208.4617752004
0.0
8977996.19396335
4.051833189367464E7
4.3894072971847504E8
6.596375964549783E8
2.8316064375865216E9
0.0
1.1218897447676657E10
1.9047147720557775E9
1.6989910857058117E8
3.5317433219419256E7
2.3814902310070034E7
0.0
3.5813914040304184E7
2.5500866156409988E8
1.593392401531627E9
1.2412770323763342E10
2.0614601747821945E10
4.354303937197295E10
2.8243434040848373E10
8.917605422864979E9
8.960406009941941E8
1.788385621689381E8
7.78623112221173E7
0.0
1.56396896264202E8
1.721721112994403E8
1.5250539791687884E9
3.0629757684129616E10
1.122069006223812E11
2.0442751049813712E11
5.683842239700565E10
9.71676556286883E10
5.491164177292494E9
5.54459543924965E8
3.060147013548272E8
0.0
1.6420922420077038E8
9.486946946287262E8
7.788890521300675E9
2.812556192763706E10
3.38720087890874E11
1.0394863174691819E12
4.829912310397672E11
2.4595544062266083E11
9.47346490803977E9
6.410045161540743E8
6.6192680195481464E7
0.0
7.422778262520514E7
7.907659567924525E8
1.2980255616305496E10
6.971186799394217E10
6.720477474026714E11
4.3093634133309443E12
1.924924006757065E12
3.937465319889356E11
5.3353266202347694E10
1.6119772975443134E9
5.767461914608418E8
0.0
5.958734431043356E7
6.506828041138996E8
3.1982822744570206E10
2.0543334256855392E11
1.8486633767594937E12
1.3023709465895367E13
2.207115529391939E12
1.612412608271444E11
1.0235387284780973E10
8.342389424693139E8
2.6185309679078393E7
