0.0
0.0
0.0
0.0
0.0
0.0
0.0
0.0
0.0
0.0
0.0
0.0
0.0
0.0
0.0
0.0
0.0
0.0
0.0
0.0
0.0
0.0
0.0
0.0
0.0
6.1188808984638605E9
6.0046710756898605E10
4.348156498212997E11
4.948520564624141E12
1.843614937681324E13
7.832885844791453E13
2.6113012024633914E13
3.748395554391798E12
4.109517316981666E11
2.483739383623085E10
4.14007393187763E9
0.0
8.486140478212046E9
8.493517414719882E10
3.8766677075297736E11
1.286735083766988E12
8.76606672812079E12
4.171018078146941E13
7.393035372555863E12
2.0436960276861616E12
3.3406222001578503E11
6.6152064285493515E10
9.253305750465557E9
0.0
1.8782349773518463E10
5.436300609727936E10
2.766858901432232E11
7.819738557091023E11
2.8880569224047275E12
1.92294153388402E13
3.17703846208239E12
1.565443979947484E12
9.406260121825874E10
8.866629286883661E9
1.2418088007643616E10
0.0
8.504384389945526E9
4.584499669130401E10
1.2839680963643568E11
4.3081891566376044E11
4.5434170240645874E11
6.393629088117105E12
1.1872461238538438E12
4.151358472281499E11
5.973946083154028E10
1.008290448038955E10
2.390570685915657E9
0.0
7.193379508668408E9
2.5949205428670425E10
2.2503483838600775E11
7.460157503202639E11
7.608031097299396E11
0.0
9.149016244631584E11
9.636496738366881E11
2.760310626991969E11
9.481027035076642E10
7.53611628599242E9
0.0
3.090595948524476E10
1.1350729160074126E11
4.6841064496723114E11
1.281266807389065E12
5.337327291066357E12
7.379931901919419E13
6.107123224989952E12
2.0823186651683708E12
2.7476195505949634E12
2.5632346127965704E11
5.287175628048474E10
0.0
1.543783467777502E11
1.663813772041228E11
3.270040227169229E12
1.2858445810154615E13
3.490292096585548E13
5.470786217830358E13
6.391584210144949E13
2.3829680866780688E13
6.39081682104743E12
1.33222080915371E12
2.4518712621251465E11
0.0
3.416507449461704E11
1.0633274487856353E12
8.372728090175992E12
5.61050255409069E13
1.2580454802333134E14
3.040162034825882E14
2.1511542169823328E14
3.9225551850561164E13
3.97807660668929E13
4.314998701746854E12
1.1668027885753845E12
0.0
2.0899691603555133E11
1.1525073273631187E12
2.574113558555349E13
1.78963790698776E14
1.0362719111490198E15
2.0729866744193458E15
8.328430181957369E14
9.676614695470031E13
5.7845837027537625E13
2.7602342866127236E12
4.7620414395606055E11
0.0
2.2016388489245367E11
1.2985610598461167E12
1.7778514678155625E13
3.307327246467253E14
1.9780092630748335E15
1.2249664015093248E16
2.41646272407232E15
2.4760460730685194E14
2.111965059841389E13
1.2815740089138843E12
1.4463638729481116E11
0.0
0.0
0.0
0.0
0.0
0.0
3.676001967178598E14
0.0
0.0
0.0
0.0
0.0
0.0
6.228689064458975E9
2.4212133316875343E10
1.5949605418738498E11
2.3888385449726313E12
1.3349463703275422E13
8.70544640625339E13
1.4049216987334357E13
1.3581861640371953E12
7.330886946280917E10
2.509054365164592E10
2.246332229878991E9
0.0
1.7895424816858772E10
4.7165718889906525E10
1.0892267203974759E11
7.303433468902083E11
3.5587065234221733E12
2.332110858500393E13
6.141061809216203E12
1.2061354980902876E12
1.1905361251393109E11
1.5180988273618025E10
5.767536586595438E9
0.0
8.281694041899337E9
2.4841788162928818E10
1.4582979780908905E11
4.1053435829311084E11
1.382503175336284E12
3.828260945472042E12
1.3282979020052266E12
5.61512621478364E11
2.3279647090884174E10
5.236051146889623E9
4.387344087437682E9
0.0
4.7050191016509905E9
4.061814727663076E10
1.1809562128556557E11
3.389501917022977E11
1.1279690916668284E12
2.432815422714592E12
1.5022064554836123E12
6.563913122497703E11
1.391522151927807E11
4.2758180373134605E10
6.545751344905019E9
0.0
2.6398950689068783E10
8.168045870061273E10
2.1537987718727E11
2.452886444747665E12
5.129711273973402E12
1.4051190261236802E12
8.044377276691767E12
3.0376143140289106E12
1.3882449622598032E12
3.028985301303547E11
2.278402811864626E10
0.0
1.0836173275371832E11
1.775275085617658E11
1.2844041045416138E12
6.430151318773907E12
2.8110633588605027E13
0.0
4.668719650448471E13
8.661833634317847E12
7.611513691370719E12
1.369199530683773E12
2.30057264467703E11
0.0
2.7390573822733215E11
3.005951698525208E11
1.054831504035411E13
3.476362948175473E13
1.8714788357042153E14
2.3343543716123794E14
2.461443825449919E14
1.0239137212694625E14
2.607918750829974E13
4.552044885284186E12
6.330672153994705E11
0.0
4.945750318447824E11
3.015779137048289E12
3.569788778432582E13
9.702875417867172E13
4.910555018571254E14
7.279797817077825E14
7.098750450639212E14
3.520606734590906E14
4.250787276538367E13
5.019065854682166E12
3.823469289871114E11
0.0
1.8064956057154504E11
8.612224261897471E12
8.145412617094931E13
3.112921253603514E14
2.0404983715699302E15
5.26818266108215E15
1.7022907553272962E15
3.026855456711469E14
2.3932177658876477E13
4.247625975841211E12
3.2531859201941077E11
0.0
5.672157844682777E10
4.049076734980723E12
6.454840686355647E13
6.131920467768714E14
4.320816608460145E15
1.3944965700580398E16
4.409731729787441E15
6.641378998605729E14
2.743526567646887E13
5.502722082584407E11
4.8596257592512344E10
0.0
0.0
0.0
0.0
0.0
0.0
0.0
0.0
0.0
0.0
0.0
0.0
0.0
0.0
0.0
0.0
0.0
0.0
0.0
0.0
0.0
0.0
0.0
0.0
0.0
0.0
4.936298705699664E9
3.1408999876148586E10
4.2445921666872455E11
6.53900642803098E12
6.29692606887515E13
5.956652289783414E13
1.756640089971081E13
2.1756156794419414E12
2.8076194720385547E11
2.7017012551463985E10
0.0
0.0
6.8688767039782505E9
6.7894001615456116E10
6.063451479572273E11
3.8775771571932827E12
2.0212466741698223E13
2.467621055727426E13
4.49998256578074E12
1.0032987855621636E12
2.2667723119467035E11
2.62681073867958E10
0.0
0.0
1.5638980530088892E10
7.531704518285645E10
2.4661729672612244E11
1.1650925158853713E12
5.882105175711122E12
1.5117651390699084E13
4.0824857352671787E12
7.39028172895936E11
1.2119178946168979E11
2.8130895156650772E10
0.0
0.0
7.41912763874488E9
5.340551125148751E10
1.658097539826277E11
3.350612612497471E11
6.166199499319142E11
4.275299965583422E12
8.49978600992802E11
3.172629139568511E11
4.697308762414442E10
1.1477137965356834E10
0.0
0.0
8.541029052149932E9
3.722441167136647E10
1.4800169981124817E11
8.591787931260107E11
2.0073037716728523E12
1.7290982465861821E12
1.9208206569400916E12
1.0430143490658887E12
2.6233089802878217E11
4.371833751150392E10
0.0
0.0
2.2943052430631626E10
4.947007215081536E10
4.317148101347954E11
1.2165869173869434E12
0.0
7.311547835889141E12
4.975505570320768E12
2.8530574516870093E12
1.0962651261446072E12
2.1196008738423764E11
0.0
0.0
8.561766873105316E10
3.4332932686087726E11
1.787051688123015E12
5.282271440351287E12
3.0150766977422543E13
7.582068113856023E13
2.7160444357472098E13
1.379251703470437E13
4.277413537872707E12
1.282192021039266E12
0.0
0.0
1.3316155048104315E11
1.729739548710374E12
1.870086388393895E13
5.0694782321333836E13
1.8935549760031984E14
2.208535265199106E14
1.4439543890271628E14
1.2925367534654823E14
1.4026918916259893E13
6.447650136404223E12
0.0
0.0
2.6051592616269513E11
1.7710600890990618E12
2.727988166619182E13
1.8980321204706734E14
2.8777282566350275E14
1.7267822664400322E15
7.822401605696098E14
1.892505819688996E14
2.000872287735878E13
3.248448048865586E12
0.0
0.0
3.308408042160449E11
6.220207810006414E12
6.158591608341755E13
8.723202431309621E14
3.819924870353345E15
4.523516537168992E15
7.226645552751512E14
1.1699502233672338E14
2.104571834817003E13
1.6945781529662483E12
0.0
0.0
1.518775037185694E11
1.9730242150353706E12
1.1282447962240656E14
6.397838813950885E14
7.436474509058453E15
8.959154465153169E15
1.8381683997396355E15
7.685224280199522E13
3.2098064503631416E12
2.801553628451511E11
0.0
0.0
0.0
0.0
0.0
0.0
0.0
0.0
0.0
0.0
0.0
0.0
7.382566830584491E9
2.150712018551303E10
1.4160801497111505E11
1.358268927675563E12
1.5301740571975219E13
6.1901532135462836E13
7.224316778768989E13
7.728603249014484E12
5.366394494191627E11
4.710102872014733E10
4.988414603089537E9
0.0
7.606316965815754E9
5.021722022307245E10
3.560170341336185E11
3.0001237370303833E12
1.1811203399338531E13
3.2085071047775324E13
2.035333476722392E13
2.396670929811696E12
4.343233794129033E11
3.3838070817994583E10
5.319547493168539E9
0.0
7.321143468609831E9
5.128446098070928E10
1.7094576480350702E11
5.16034671109167E11
2.814005932042035E12
1.2629343621203787E13
6.290840896892831E12
1.4158255340565176E12
2.76545036892494E11
4.561476870593274E10
4.976447268110566E9
0.0
9.98230436430283E9
2.854708691583963E10
1.2618220527444054E11
3.209573764145793E11
1.0522594691582649E12
5.259834568711654E12
1.0007383485854574E12
4.335405575441817E11
6.939537412817053E10
4.479547623809791E9
3.8028836625057545E9
0.0
1.020513898279298E10
1.7672490007264427E10
1.350326849400393E11
7.77356371525657E11
1.894968915766849E12
1.0928744241259615E12
1.8322178827394236E12
1.0418037680082097E12
3.483094098562468E11
5.539871988066211E10
1.0588350890830162E10
0.0
2.8983180730896347E10
9.259653308655757E10
3.963831593641472E11
1.583560496003818E12
3.6373479728357666E12
3.0181144994603125E12
0.0
1.9165946396357087E12
2.526955913293927E12
4.091037577507304E11
3.444536772749057E10
0.0
4.770319839068833E10
4.1007171456925055E11
1.6677496771600146E12
4.662672628112334E12
1.1145506630487826E13
3.980841401019072E13
3.710135669246434E13
1.8821030905034844E13
3.551935687412715E12
1.0433471117707278E12
2.052728881678194E11
0.0
3.115071794847734E11
9.751742112957296E11
8.156371983146744E12
4.700027428861961E13
1.630739595809911E14
3.539247568569099E14
2.1651644575704928E14
8.101333043304472E13
2.350913449293665E13
5.086220938406768E12
1.8294416773026938E12
0.0
1.5895628725149622E11
1.5750189572769968E12
1.0465755628609695E13
1.1540353611803058E14
4.4573015140936506E14
6.689090631219839E14
4.7805696797390556E14
2.3551482855445784E14
5.5993913227311195E13
3.3481999278278477E12
8.205643643866064E11
0.0
2.4294690120196588E11
5.137776479865264E12
5.292349466941667E13
2.373753914325419E14
1.2211574886835482E15
4.391559885795132E15
2.6344293260902945E15
3.052228628267373E14
4.8121254520681984E13
4.0895958858217207E12
3.570500932785209E11
0.0
2.832997194138375E11
2.070549934402519E12
1.5870710595695332E13
3.658929646833495E14
2.1165457593621015E15
8.142958966307155E15
9.878916306694892E15
9.011253282839162E14
1.273320998889771E13
5.2639743275663855E11
6.055250112959682E10
0.0
0.0
0.0
0.0
0.0
0.0
0.0
0.0
0.0
0.0
0.0
0.0
0.0
0.0
3.113898454678221E9
3.439515254877295E10
1.4977314291896912E11
2.6775053180326455E12
2.2773482044688574E13
1.4053622380177277E14
3.1983464624477023E13
3.6307243292251973E12
2.623364574929896E11
3.8083344801250565E10
2.1129848430038407E9
0.0
4.64087829807736E9
7.237672975582434E10
2.8775075666288525E11
1.7281613352439915E12
1.1569927571214547E13
5.432601540938173E13
1.6248330078257629E13
1.6797710656607993E12
2.3932721544687805E11
3.4890547430990166E10
4.2578810533320847E9
0.0
1.6585235651779217E10
4.511708517246098E10
2.1728430307275406E11
7.562798471595875E11
5.432207679767195E12
1.0329943757554852E13
4.726286291153894E12
1.403018130436569E12
1.2664379059755295E11
1.1836186404701283E10
7.927800158753616E9
0.0
4.754005704959648E9
3.010161074460881E10
1.2885658453576547E11
2.0094822760906866E11
8.38525705606074E11
4.654508644352772E12
1.190954179452644E12
2.7028257585459924E11
5.127254687754996E10
6.515531854839004E9
3.195942398049421E9
0.0
3.0639033817227135E9
4.4050338782450035E10
1.430596552156067E11
8.436922366049279E11
2.0608709398742852E12
1.6438571712226177E12
2.510853903768987E12
5.861676203210211E11
4.116128259984318E11
7.21325102599119E10
7.590165016254994E9
0.0
4.280106874787808E10
1.1809441246984357E11
3.177636630214964E11
2.308116776810968E12
4.322014921642244E12
0.0
8.254899145827419E12
1.1332223874478508E12
2.0926375668638872E12
6.142338866517646E11
4.031197112856792E10
0.0
5.245149852070377E10
2.2693730541402734E11
2.6978013842665283E12
7.435836702957344E12
2.9234926362889492E13
7.417553656024412E13
5.220287328485856E13
1.5731215116274197E13
3.88179149119921E12
6.768423421594209E11
4.139483264639179E11
0.0
2.2246885791578967E11
2.0732685070325652E12
1.7188568315087148E13
7.728321551129202E13
1.7953188026070312E14
2.4573940408719925E14
1.5658770672574362E14
8.537449288906266E13
9.691616453777898E12
5.679261739324981E12
5.0909166504365045E11
0.0
3.165197974318311E11
3.285285313974158E12
1.832623785210097E13
2.0728665909614203E14
4.452791851697421E14
1.2195123381099732E15
8.794634367360752E14
1.3708503670870503E14
4.443684671906824E13
3.559937411536E12
3.850692558778432E11
0.0
3.4426301371114006E10
7.5948160253602705E12
9.97016865975072E13
7.847882237465664E14
1.9642356239488895E15
6.084061260952458E15
3.470105009634816E15
2.5754262119268584E14
2.8189336566964586E13
3.046332339855161E12
2.911434855111184E11
0.0
6.869037762680022E10
1.3647003065044912E12
9.437263268000416E13
3.5027642954192656E14
2.976276170507601E15
2.4350182429540092E16
4.1254842833214375E15
5.127025645608576E14
9.354671426333316E12
4.557061411927536E11
9.218724953836166E9
