0.0
0.0
0.0
0.0
0.0
0.0
0.0
0.0
0.0
0.0
0.0
0.0
0.0
0.0
0.0
0.0
0.0
0.0
0.0
0.0
0.0
0.0
0.0
0.0
0.0
7.228748781935103E15
5.2929624621521152E16
1.05449782231789261E18
1.1696754962496715E19
1.6607050870913686E20
7.536276700826923E20
2.4060866488384537E20
4.098978128780746E19
3.4198274139157688E18
3.9965577180224512E16
4.863044266700116E15
0.0
7.095103327632824E16
2.3675082730365904E17
1.21659209551028787E18
4.490403369148281E19
7.880615384141627E19
4.110756916671262E20
1.919986541856266E20
2.6272637777358467E19
5.9013135014559601E18
5.0330806785060058E17
4.6304661871842368E16
0.0
2.1342479852930256E16
1.0510119531027184E17
1.49472044873841024E18
9.1300351283630326E18
2.534625376273345E19
1.3111905750447012E20
3.944745128901083E19
8.5349554060825364E18
2.09437899149914803E18
2.7352986086872944E17
5.4559111200275384E16
0.0
2.1529147839462972E16
6.3747082083839384E16
2.37835022846528192E17
2.05727731198231885E18
1.3410983701124942E19
4.564433167285132E19
4.146100770789323E19
1.2859738784493203E19
3.841075298846507E18
1.69012731446705203E18
2.45948562527482752E17
0.0
5.4598747059215104E16
1.70329657012254848E17
4.8132318344144038E17
9.731305225094185E18
4.129863487311444E19
0.0
2.718235772962352E20
9.120227255946048E19
1.7893781622510262E19
5.615213526742228E18
1.68873875718754202E18
0.0
1.63144003643418144E17
7.5893551013273587E17
1.1474007054061617E19
8.063857983842278E19
1.4493250953221407E20
2.110953360453963E21
6.123176054522028E20
1.91446305155129E20
5.966130263326931E19
1.3134811937753045E19
4.216581775073151E18
0.0
1.60956077186951066E18
4.8147472805282734E18
8.287656449213953E19
2.985793398556582E20
6.487487599997401E20
2.562227911143543E21
1.227654339076897E21
1.1320290751230163E21
1.1023469439340662E20
8.5176640525340856E18
3.5970250313663017E18
0.0
3.5792804101007401E18
4.575645900001755E19
5.4226554984080736E20
2.067166793124095E21
9.394620116651057E21
1.2814394596390573E22
5.284366610419073E21
1.5638584616083527E21
9.729462922413235E20
4.436371611068439E19
3.8373107487366042E18
0.0
2.0872502406041088E18
4.277124670377915E19
1.2178883700612357E21
3.4819326167491643E21
4.105548387365732E22
5.359402690367067E22
1.0775128296908036E22
2.3427308897586596E21
1.970404111901556E20
3.109274879911465E19
1.35363187840498739E18
0.0
6.388111812557865E18
1.6062214438514115E19
7.155230526527565E20
7.359492797322931E21
4.1673492604406915E22
1.5814433250390176E23
2.7402693328210147E22
1.930487161813058E21
1.4152431743015594E20
7.464927515880364E18
1.14823962814031712E17
0.0
0.0
0.0
0.0
0.0
0.0
5.026799975059899E21
0.0
0.0
0.0
0.0
0.0
0.0
3.291226184175972E16
1.86402142968608736E17
6.8138729150410701E17
2.682084454801656E19
1.1596184746464464E20
8.405237985667835E20
1.2510134971076506E20
1.926942599337047E19
4.1025832158332621E18
1.27478880315528528E17
2.4225021515062344E16
0.0
1.608126147282737E16
1.24320152827699232E17
5.663855539378352E17
1.0623236007942353E19
3.8956433432272806E19
3.5101281467603124E20
6.780012615207233E19
4.6436759686747505E18
1.15626457399662362E18
2.35495012519100672E17
3.9117957070126192E16
0.0
1.6483339445063874E16
1.05460867345434032E17
3.0437210018499386E17
2.14921349729764787E18
6.9178176187472783E18
6.981121067952123E19
4.146579944274949E19
1.842468127410158E19
2.3165524388351391E18
9.9143008947920256E17
2.04105066849450496E17
0.0
3.7614651953725928E16
1.96841182218712128E17
7.5615082360692877E17
3.0982984158241802E18
6.246360816654101E19
5.306398246218429E19
1.8869498912074718E20
6.360785229417905E19
1.389849936891769E19
4.434281786131285E18
1.13576114608076877E18
0.0
1.78755092918457664E17
8.1564192516808486E17
6.3107786560130703E18
3.905725453613871E19
3.173788624633464E20
6.783160848575278E19
6.945754266014511E20
2.7911238209786282E20
5.67154510284298E19
9.711480578240315E18
7.5116140556073738E18
0.0
1.07626884688425357E18
2.4766380005718938E18
7.763938041359349E19
3.5247326240007756E20
9.560489837540466E20
0.0
1.2629649697207196E21
8.512467885616107E20
8.53665759307498E19
1.4215716226930336E19
4.9406714425914798E18
0.0
5.4296462559484457E18
3.8001236532486136E19
4.8601627457371734E20
1.3574773326537944E21
3.9435978172651243E21
8.233991096101737E21
3.671160418569623E21
3.6572017893719005E21
6.004928576028121E20
1.3244354338414412E19
3.0386701434111985E18
0.0
7.3833336732684462E18
8.338606958517926E19
1.611973610876252E21
6.319981452566028E21
2.127991085425968E22
4.475480624809828E22
1.1754262367947723E22
3.0309773801423865E21
6.443280819349359E20
4.38270225821794E19
6.6912948475146803E18
0.0
8.5095660490268467E18
5.420109999081785E19
1.597475803761771E21
8.133863879341371E21
4.102323211865707E22
9.823101617773977E22
3.840079435067869E22
5.165507534466383E21
2.7214666543179255E20
1.775735419915664E19
2.731708744724396E18
0.0
2.18378381151815987E18
9.732925535354456E18
6.186939603567448E20
3.591729849139261E21
6.346795053759671E22
1.5070022108510044E23
4.461901643111574E22
2.08263572427993E21
1.6480045755961554E20
5.2078725153324298E18
2.73211195918109376E17
0.0
0.0
0.0
0.0
0.0
0.0
0.0
0.0
0.0
0.0
0.0
0.0
0.0
0.0
0.0
0.0
0.0
0.0
0.0
0.0
0.0
0.0
0.0
0.0
0.0
0.0
2.3411024851839555E15
3.8774126747862104E16
3.0696286568178432E17
2.1289300395993317E19
5.8111122728748286E20
6.134003813844624E20
1.5556530049756437E20
7.6807977093105469E18
9.7349694673044762E17
5.2801588266210504E16
0.0
0.0
6.8811794196387456E16
4.398914635696704E17
3.7265333000750397E18
3.6455143306712465E19
1.9671611842244434E20
4.2541482170483356E20
1.2736830020980254E20
2.7722862209841218E19
5.9378989406167757E18
9.0650364586655091E17
0.0
0.0
1.4101857921438256E16
1.21783237600883232E17
1.19990876609824461E18
8.8490026253578609E18
2.403024327108385E19
8.689987917628663E19
3.136193082865775E19
7.5455766309277604E18
1.94910905942321203E18
1.89778617272137856E17
0.0
0.0
2.1933388866974296E16
1.27426448128960752E17
2.58979004705328E17
2.3912250793515459E18
1.1760397814264852E19
1.1584924083443663E19
2.5431485959170085E19
1.4789960593298645E19
4.4384791356038062E18
1.00908609885449523E18
0.0
0.0
4.29610928123606E16
1.4868694325676992E17
8.0533663882924314E17
6.540041031214718E18
2.988241717275477E19
4.72015682361308E19
3.2351531614047633E20
9.228721862443078E19
2.8171182640904483E19
7.5215155091658619E18
0.0
0.0
2.61081911831925568E17
4.3219573602111738E17
1.0768208315634784E19
6.576474920492764E19
0.0
6.735436651181275E20
4.5416088866218246E20
2.6183657410896678E20
5.6452113829806916E19
1.932500801142661E19
0.0
0.0
4.2557815686226285E17
6.4736245121784893E18
8.666741245775957E19
1.915507231006709E20
9.7803375305855E20
1.897489288006779E21
1.2373173002511025E21
6.554995844378224E20
5.5940057648613245E19
1.5057914760462234E19
0.0
0.0
5.8691202032737751E18
3.870425730440105E19
4.998436326707807E20
1.7229782916206242E21
4.50620238024919E21
1.60214328631739E22
6.403164337058932E21
2.8378886011054483E21
6.95921691696169E20
3.509988386433743E19
0.0
0.0
3.1282312227544832E18
1.065560534166763E20
1.7670941563424843E21
8.442962397068997E21
1.9073021364379255E22
2.3298797981470646E22
1.1048103222313965E22
1.2021174512834618E21
1.756780966558275E20
4.632772868525529E19
0.0
0.0
1.0315830438779185E19
5.647073235329419E19
1.6966952440117815E21
1.7722784314988614E22
7.71692990773765E22
8.549891735130533E22
1.5883442836817075E22
2.380100798149176E21
2.4599613113652203E20
1.4105233356816253E19
0.0
0.0
2.01730910975499059E18
8.0740335442081608E18
3.677509390347829E20
6.514819074407134E21
1.2265092618242097E23
1.102980060593134E23
1.267314842964141E22
1.4109963045722228E21
5.91596121897472E19
3.1465245628314931E18
0.0
0.0
0.0
0.0
0.0
0.0
0.0
0.0
0.0
0.0
0.0
0.0
4.293529619008684E15
1.582513386356691E16
2.29793200711926432E17
5.4492873996721644E18
5.482736375784136E19
8.946161037619875E20
6.097905388922232E20
4.741882174260559E19
3.3596230303594844E18
1.3836226931854896E17
2.547501369049805E15
0.0
4.4496032566394048E16
3.4276666614719731E17
1.51076422315866112E18
8.3845305366930186E18
8.682117282752618E19
2.4751972610591877E20
2.486335944045807E20
5.061380689370105E19
7.0712605019049011E18
1.32925299252538624E18
1.37070873500399872E17
0.0
2.21152352367272E16
1.18905344061783968E17
6.8392171520050688E17
7.764507491278379E18
1.46726354533641E19
1.0896743643698833E20
3.6323050548063003E19
7.8743095619420119E18
1.29605180221923302E18
1.76573499122523488E17
1.1700177800055406E16
0.0
1.9031931039261676E16
6.0709017712477376E16
3.5994930596314253E17
4.9560350999112461E17
6.0919584698267945E18
2.921994744743103E19
2.139818499932595E19
1.402750177466105E19
3.4502583949236024E18
1.00205995254474253E18
3.0504306696145946E17
0.0
2.8460669708108428E16
1.26150076153903088E17
7.5767562007541914E17
2.5871136538940856E18
5.372808013486363E19
3.703748517040889E19
2.019598184970208E20
1.1918365074105755E20
2.5102510141091525E19
8.4616456458314619E18
2.29187856633062502E18
0.0
1.1646587069358976E17
5.7371485742463898E17
3.2361972175811123E18
6.723102049079813E19
1.637871589763251E20
1.5110607782560698E20
0.0
2.6723178151497472E20
6.953626678434269E19
1.5695575368384016E19
4.4992722526910372E18
0.0
1.13492368406618214E18
6.3914579375914312E18
6.749691878894227E19
2.6954058762534155E20
7.821138336205803E20
2.8795625169879454E21
8.48674481798909E20
1.2337750137765718E21
1.896975847127052E20
1.0048062907339153E19
2.5945728146186711E18
0.0
6.8566336442312243E18
3.4258775646705246E19
2.8632858658167525E20
2.032647383757882E21
7.10921599608664E21
1.697045921608932E22
5.674470717106649E21
2.049978825883759E21
5.241356029184445E20
7.948611919823135E19
2.7629170270440274E18
0.0
6.963801118342017E18
2.8511104813216825E19
5.923170701433575E20
5.61782176456055E21
2.25686605017595E22
5.685827454230996E22
1.2363694114476007E22
3.364920726895942E21
4.2546884996934074E20
3.6299240847298773E19
1.0658789100770832E19
0.0
2.4614946560351613E19
7.808170706171059E19
4.6571477340436994E20
7.773689194014233E21
3.7260137383867904E22
7.905388977790697E22
3.5451356399940365E22
5.345619424626448E21
2.9590884881615946E20
3.433311642513648E19
5.0619690724482982E17
0.0
2.9633056752663455E18
9.242599905714688E18
5.404425005465893E19
1.5675885068212906E21
1.3878703616831634E22
1.1696061952502345E23
9.680578056654964E22
4.749247200572666E21
3.7910742964550264E20
1.2268736163851743E19
3.3303021209190288E16
0.0
0.0
0.0
0.0
0.0
0.0
0.0
0.0
0.0
0.0
0.0
0.0
0.0
0.0
1.7472260597885498E15
3.5406798519353916E16
2.9454719522514342E17
6.3808596703711959E18
1.1354078943887747E20
2.02945472579275E21
2.5410096849279045E20
1.1808397126352495E19
7.9556474325757798E17
4.2823290181935768E16
4.0172541726263765E15
0.0
6.4393714220564584E16
2.1022536177192544E17
3.6400465245832581E18
3.0501072727899763E19
1.740449248997581E20
4.180921086131529E20
1.636020248795789E20
5.032448914479195E19
2.7302978877146327E18
8.9162415829147034E17
7.6023202282068464E16
0.0
1.5237048766861398E16
1.26173321889804768E17
9.8839375531990605E17
9.0711878201835612E18
1.962660636479456E19
2.0691545922928027E20
4.792324189006894E19
6.8403310293975501E18
1.3715853801485504E18
6.969033924948073E17
3.6040854341187136E16
0.0
1.4845907765632252E16
4.8347971078388736E16
1.736427536250168E17
2.12675654866087629E18
1.0548421627107422E19
4.455407274386687E19
3.176750290350621E19
1.4677313481371875E19
3.7014141819357435E18
1.62166126763896525E18
2.65694077773936768E17
0.0
4.373779244654672E16
2.13254351250654208E17
6.8361040563709747E17
4.1041317686828641E18
3.847986651406444E19
6.703421112422038E19
3.157087532455583E20
8.710443236873816E19
1.953746070149605E19
9.533651157946812E18
7.0384155311086938E17
0.0
2.45104151885029504E17
1.16881479748660275E18
1.3964830287930964E19
6.937493975530151E19
2.3679369969048034E20
0.0
4.28330841840399E20
2.746693461871781E20
8.00127597627616E19
2.3436864367298367E19
3.5655531092072013E18
0.0
1.14258115201979392E18
4.3530996323936625E18
9.085522908410428E19
2.9509710885055267E20
1.905561074717672E20
2.3850462069300926E21
1.2145971576468113E21
6.215885938940569E20
1.3069907073525534E20
1.5602145938642035E19
4.2105457821124229E18
0.0
9.821831940806746E18
3.2731778354819686E19
3.4979690824991834E20
2.6256178649473703E21
2.304182409488344E21
7.720135941207206E21
7.567141587605239E21
2.663001627922227E21
4.862168161480253E20
3.03742998210498E19
3.417575471990977E18
0.0
6.2013042355647898E18
4.319257981783793E19
1.0449039325803399E21
3.8408035511071534E21
2.2226924945619934E22
3.3535078225139357E22
9.79466586107274E21
2.479685783954104E21
2.1435655974939368E20
3.5278455255701185E19
5.6875232880433746E18
0.0
1.9375561347592425E19
1.3161806893910419E20
6.259440319259467E20
5.199877063859319E21
3.8752171633563996E22
1.1303728182296063E23
4.053517647063081E22
5.495192220068768E21
3.6601625915960204E20
1.7081640492933392E19
5.7213535891633184E17
0.0
1.24154397861127552E18
2.5117878609131341E18
4.258700774013146E20
2.03637711489235E21
6.0753434830729896E22
2.8351301241001567E23
3.500972036546175E22
2.6942618787693E21
1.1156537332236876E20
4.0973101130529249E18
2.9171389533949286E17
