0.0
0.0
0.0
0.0
0.0
0.0
0.0
0.0
0.0
0.0
0.0
0.0
0.0
0.0
0.0
0.0
0.0
0.0
0.0
0.0
0.0
0.0
0.0
0.0
0.0
7.228748781935103E15
4.7344286438147808E16
3.9168387882556237E17
6.8089284411201198E18
6.193854423649716E19
3.291281542333427E20
9.927114276534462E19
1.5601137449012249E19
1.78765790068727834E18
3.9965577180224512E16
4.863044266700116E15
0.0
4.37605545613212E16
1.72543347819415936E17
8.6024954770083469E17
2.361377957927582E19
6.990606599047106E19
2.3735324362689636E20
7.0255934891268596E19
1.4834564507217107E19
2.27973854471854643E18
1.35675731966501152E17
2.4388046494187168E16
0.0
9.888049279295548E15
5.9953840066533344E16
8.0716901188956762E17
4.931039160559489E18
1.940423815354341E19
9.415090235034268E19
7.4424847961537833E18
4.0297253731240591E18
1.33487612976957261E18
1.16156664728012032E17
2.848030785889968E16
0.0
1.4287532540883384E16
3.8816923184994976E16
1.34920973830608304E17
1.7436938482867927E18
6.4749056330520822E18
2.5638946492590068E19
9.99197131925099E18
4.5351168578375424E18
1.99349556792311501E18
5.7695389485193229E17
4.3586006714132448E16
0.0
3.6166919617139432E16
1.18536237045735296E17
3.1705802981440589E17
2.6356279222720876E18
8.5745541719857705E18
0.0
1.4652692832077072E20
2.6914256188742406E19
7.9678083404307651E18
1.51934670810779622E18
1.67192552823014528E17
0.0
7.4730747784421808E16
4.8385874663834131E17
2.2028294244624791E18
2.3367110881842307E19
4.303165197714083E19
1.1152969086395493E21
4.723722936414555E20
1.0556447449622002E20
2.827521482481259E19
4.5890434093134403E18
1.02451174662135501E18
0.0
5.1140521823695808E17
2.30050635498568218E18
2.802208690923701E19
1.3050389018377585E20
4.151094476157991E20
2.212283289559219E21
7.965920057510564E20
4.2552626069078855E20
2.2454547219007197E19
8.5176640525340856E18
1.29545124018827955E18
0.0
6.5586076592327014E17
1.729473772945659E19
1.0505162092007545E20
6.16602604676242E20
4.5137865787513913E21
9.549053827850544E21
2.762201008365555E21
6.410373344642223E20
1.7550669806658303E20
1.1717471375784886E19
6.9376824282088781E17
0.0
2.0872502406041088E18
1.7597771222686458E19
4.175526524374481E20
2.1455511156965544E21
2.0398542760367094E22
4.289148110128341E22
5.996979797785481E21
9.611288437694237E20
1.4595041951060846E20
2.5797754337622733E19
1.35363187840498739E18
0.0
3.0696392624351642E18
1.6062214438514115E19
4.468654291572983E20
6.28123878650149E21
2.873796153534379E22
1.3301651350808272E23
2.042301870481159E22
1.357353858872421E21
1.4152431743015594E20
7.464927515880364E18
1.14823962814031712E17
0.0
0.0
0.0
0.0
0.0
0.0
1.8878974595478433E21
0.0
0.0
0.0
0.0
0.0
0.0
3.291226184175972E16
1.31419721961725632E17
3.2504474369465376E17
1.5774953732375177E19
6.580032137608604E19
4.8493886092496136E20
5.183720597231657E19
8.7165369889457336E18
7.8633249422416051E17
1.27478880315528528E17
2.4225021515062344E16
0.0
1.2263117948282468E16
4.3613129413786912E16
5.663855539378352E17
5.4206544080195871E18
2.1437313279876866E19
1.6638175703210453E20
1.682385044209957E19
3.3107939084567956E18
6.8759616366337562E17
9.9200403126087008E16
1.4151052644364452E16
0.0
1.3903206192283586E16
5.4142600520019664E16
1.94965055894921664E17
1.7211513860181184E18
2.9877579741684562E18
3.465929226149045E19
8.7792810505358275E18
5.718956601354795E18
1.6879791136199465E18
4.1090300393245856E17
1.0379985177940224E17
0.0
2.59641086137585E16
9.909972350992888E16
3.7198100939889702E17
3.0982984158241802E18
1.5116712181442695E19
3.191903495599579E19
7.148998685091102E19
2.8228609210565026E19
8.1939011508773786E18
1.01758311983454848E18
9.0249671181498816E16
0.0
1.06954609167403904E17
5.405651616736903E17
2.5099556387605883E18
8.2833583748244019E18
3.871594033914657E19
2.8918807571308487E19
4.223777103115853E20
1.0314081862675834E20
2.6431829701047288E19
3.4597206889085757E18
1.22417700725807206E18
0.0
3.9063332544752218E17
1.58387257332995738E18
2.736494641492191E19
1.4804435263629237E20
2.7982387072480517E20
0.0
9.009458011734907E20
5.0459077287483474E20
7.341846194360299E19
5.2137012711198218E18
1.72187015901112832E18
0.0
2.0425053066216576E18
1.5892210190088258E19
1.4439178348248878E20
5.7251086769839276E20
2.4581939795454046E21
6.959228438723908E21
1.7880336789610074E21
1.9243618508077337E21
2.8113209381521913E20
1.3244354338414412E19
9.9032290748955046E17
0.0
3.0202024977345285E18
5.418871558713556E19
4.8714456993980187E20
1.8420963923427407E21
1.208565484941475E22
2.999441546771363E22
4.3040248726914E21
1.5816422663811996E21
3.377881318576531E20
2.794203919770365E19
2.13473302782507059E18
0.0
5.1910934989041459E18
5.420109999081785E19
2.8978409140448566E20
5.977355857698489E21
2.496758650813648E22
6.449753792743235E22
2.016737569339026E22
3.2422815903962953E21
1.996818501344534E20
1.0382273275991366E19
2.731708744724396E18
0.0
1.59339767285486694E18
9.732925535354456E18
5.520714488168399E20
3.591729849139261E21
4.0277348476391975E22
1.0957630121439731E23
3.0938685367157673E22
1.54402691602017E21
1.6480045755961554E20
5.2078725153324298E18
2.73211195918109376E17
0.0
0.0
0.0
0.0
0.0
0.0
0.0
0.0
0.0
0.0
0.0
0.0
0.0
0.0
0.0
0.0
0.0
0.0
0.0
0.0
0.0
0.0
0.0
0.0
0.0
0.0
2.3411024851839555E15
1.3656366503975018E16
3.0696286568178432E17
7.600820374509056E18
1.2496424424737972E20
2.876622408144713E20
6.808752354839376E19
7.6807977093105469E18
9.7349694673044762E17
5.2801588266210504E16
0.0
0.0
6.8811794196387456E16
2.7494420054902112E17
2.5019499543964114E18
2.83426448689106E19
1.2713491612343904E20
1.8519704697110066E20
5.102353625957049E19
9.1233518709988219E18
1.6180060568474112E18
1.95644369204377376E17
0.0
0.0
1.0967143396671324E16
9.9209559979013984E16
5.7496135890022125E17
6.7317753573452165E18
1.4148385557602834E19
5.4149318281364775E19
6.1533150577805701E18
4.8147974371313203E18
6.6152715918330317E17
4.2262328310779616E16
0.0
0.0
1.7271906821174994E16
9.2218133322282432E16
1.95453385633945568E17
1.4873914175792297E18
4.9174350307412193E18
6.0123641395036836E18
1.361070474112431E19
7.7045647192336527E18
2.8204296284071414E18
3.5889908307066246E17
0.0
0.0
3.3054143686205056E16
8.7666328808176896E16
6.9866352418191808E17
2.8490860486687826E18
1.2035211453733763E19
2.5157605910077997E19
1.1295161052518192E20
2.800467330677847E19
5.9948477591877366E18
1.3608370919090025E18
0.0
0.0
1.58506690537156544E17
2.9465735427392013E17
2.3920312290465326E18
1.812540290399309E19
0.0
3.419730304497438E20
2.6823247296993332E20
1.074115177552299E20
2.981416083644509E19
6.9314150745951416E18
0.0
0.0
3.0485033992054451E17
1.40648388850615245E18
4.155214913199475E19
1.0092304452191116E20
3.678450451794817E20
9.560102491309229E20
7.447768963503834E20
2.4513851947101907E20
3.2043829674319622E19
7.0714894935591977E18
0.0
0.0
2.20056600529253197E18
2.50927265548117E19
2.0940962910528363E20
7.825540853013763E20
1.920841894242663E21
8.035078633059874E21
5.42835957143606E21
1.8768305921998345E21
1.6719292145462647E20
8.2181412778551962E18
0.0
0.0
1.91650926819276851E18
5.218522393753991E19
6.673054110473908E20
3.812324100875679E21
1.311158792112864E22
2.0359730425486266E22
6.138659497044088E21
9.412244226590879E20
1.2458810497628037E20
1.9852756377795707E19
0.0
0.0
1.0315830438779185E19
3.667785448360847E19
8.251782677429773E20
1.2681197738236666E22
4.779975294471698E22
4.672578159078163E22
1.3485489480956159E22
1.030008157019725E21
1.735313158391829E20
1.4105233356816253E19
0.0
0.0
2.01730910975499059E18
8.0740335442081608E18
3.677509390347829E20
4.938869480407131E21
1.0401526805406401E23
1.0129413056273945E23
1.267314842964141E22
1.4109963045722228E21
5.91596121897472E19
3.1465245628314931E18
0.0
0.0
0.0
0.0
0.0
0.0
0.0
0.0
0.0
0.0
0.0
0.0
4.293529619008684E15
1.582513386356691E16
9.7230412013460384E16
3.1191244399639071E18
2.294116570930647E19
1.3644706517618215E20
2.8238906694580784E20
1.6895499691003552E19
1.72745351713099392E18
1.3836226931854896E17
2.547501369049805E15
0.0
4.4496032566394048E16
2.9700930361767418E17
1.07664382422407334E18
5.1072988109951488E18
6.093065952896871E19
1.9036088462745987E20
1.105016682156922E20
2.2358237989580005E19
3.5418468075363379E18
4.0467831564045325E17
1.7997661501834616E16
0.0
1.4478948187637394E16
7.3757988818045472E16
3.7836899641686931E17
3.5947378680427945E18
1.46726354533641E19
6.501177460552514E19
2.0905759709329228E19
3.048280607845418E18
1.03201228296406618E18
4.4564267776584224E16
1.1700177800055406E16
0.0
1.9031931039261676E16
4.8972912776917936E16
2.7614364554257504E17
4.9560350999112461E17
4.3163303950803159E18
1.464462785853617E19
9.769466866361238E18
5.4288455623769989E18
1.28064014368191565E18
5.0492096681111552E17
8.842911940934472E16
0.0
1.6810126368140996E16
9.1485294334259488E16
3.1919298253085152E17
1.9676658110147456E18
1.2886677852982182E19
1.6969333506301995E19
1.0061432747757668E20
4.253905230704837E19
8.1911409659140669E18
1.25889495128890803E18
2.8829475286814938E17
0.0
1.1646587069358976E17
2.9863809393024448E17
3.2361972175811123E18
2.5592980884077003E19
6.1886301421251854E19
2.4905765842344874E19
0.0
1.6852344585583224E20
2.0817446215144894E19
7.517542953269804E18
9.3292818188221568E17
0.0
5.8004205512890099E17
2.16523558319697459E18
7.016029098361473E18
1.7337189938753077E20
5.237816971140578E20
9.966044392362329E20
5.336200230455942E20
6.629978785384852E20
1.3605696220267908E20
8.6862001461805691E18
1.41569178910718925E18
0.0
2.09322504395937075E18
1.091108953292512E19
1.2033023898307835E20
4.612289211345793E20
2.2394160876870487E21
4.066505694149755E21
2.4923302354882333E21
1.8001551032169844E21
2.4480727077190854E20
1.2601045663361036E19
9.2190095850084083E17
0.0
3.3286352546568714E18
1.71285955729123E19
2.678237468306947E20
2.737600906340341E21
8.896310706760308E21
3.7296772491934475E22
8.284423533749833E21
1.55811260408417E21
1.8110684528814096E20
2.0414257462823023E19
3.3459635782988611E18
0.0
1.465952890998351E19
7.808170706171059E19
4.6571477340436994E20
2.7321026172622864E21
2.537068260756332E22
5.24905003409251E22
2.1115349097601917E22
4.0974398011210853E21
1.7966868684548198E20
2.6958035501971206E19
5.0619690724482982E17
0.0
2.07772646727140582E18
6.9457192783916831E18
5.404425005465893E19
1.5675885068212906E21
9.323759683983821E21
1.0717515136112502E23
8.78131147601124E22
4.749247200572666E21
3.7910742964550264E20
1.2268736163851743E19
3.3303021209190288E16
0.0
0.0
0.0
0.0
0.0
0.0
0.0
0.0
0.0
0.0
0.0
0.0
0.0
0.0
1.7472260597885498E15
3.5406798519353916E16
2.9454719522514342E17
3.8231961087028593E18
3.4311802387138015E19
7.169316875663485E20
5.1434158272394306E19
7.4127807329573775E18
1.42696937966181472E17
4.2823290181935768E16
4.0172541726263765E15
0.0
6.4393714220564584E16
2.1022536177192544E17
1.56349573494356429E18
1.6452960762805213E19
1.4006407400453364E20
2.7846855252022732E20
7.8990161703084E19
1.8749021146609582E19
1.07217252691008179E18
2.52940279881668672E17
3.4620397607759936E16
0.0
1.1418905242316496E16
6.8039976097761672E16
7.8361024624221325E17
4.5127974964894587E18
9.744748651313547E18
7.188969598842527E19
9.637849205488521E18
2.9655699879958006E18
3.1542730312788352E17
1.01366723513406112E17
9.659518278116276E15
0.0
1.4845907765632252E16
4.8347971078388736E16
1.736427536250168E17
1.73873005570544742E18
3.5065912911809741E18
1.726248667304163E19
1.1131342401936787E19
6.3010630709843948E18
3.1107279587567416E18
5.942035253288087E17
8.615157404374072E16
0.0
3.3830843320391176E16
1.004403168355416E17
2.9944059142906573E17
2.25236407076582989E18
1.4343689507275784E19
2.3992007863666987E19
1.1682147600495526E20
3.559724107919811E19
5.27694914930978E18
1.01144904948804966E18
1.16748859964588576E17
0.0
1.34707017045961408E17
3.4358450700341907E17
2.20838578880018432E18
1.7791261856921336E19
3.834549616016476E19
0.0
2.9161516586227515E20
1.2014289056325416E20
2.799875330639552E19
5.154527011287467E18
5.9688333130528922E17
0.0
4.6549568233244224E17
3.099190642457364E18
3.0374339393523495E19
1.603827339392749E20
1.905561074717672E20
1.3893897551156787E21
7.185331146198821E20
2.1438221597462807E20
6.888682616733542E19
1.3224693488575971E19
7.5167224631220275E17
0.0
2.4961472590517821E18
1.2767552677067252E19
1.9057524067214456E20
5.411859688363312E20
1.27690174728809E21
6.087465556937191E21
3.2000671285812155E21
1.2405330554445478E21
5.605076128935706E19
7.7160053221805599E18
8.7801739483009869E17
0.0
3.7778603264413594E18
1.8019104336745236E19
6.040625707482127E20
2.73716328291875E21
1.4069169939626152E22
2.491579775125472E22
5.482187036575155E21
6.728776611423325E20
1.6326656806984656E20
2.468846633271735E19
1.1309614683537641E18
0.0
9.420143697224323E18
1.1182519106941847E20
4.640038752323883E20
5.199877063859319E21
3.146586625789053E22
7.733892921806102E22
2.8068249052610784E22
5.495192220068768E21
2.4977609718892456E20
1.7081640492933392E19
5.7213535891633184E17
0.0
6.5115783994798259E17
2.5117878609131341E18
3.592475658614098E20
2.03637711489235E21
4.667272063522078E22
2.1185589403703426E23
3.500972036546175E22
2.6942618787693E21
1.1156537332236876E20
4.0973101130529249E18
2.9171389533949286E17
