0.0
0.0
0.0
0.0
0.0
0.0
0.0
0.0
0.0
0.0
0.0
0.0
0.0
0.0
0.0
0.0
0.0
0.0
0.0
0.0
0.0
0.0
0.0
0.0
0.0
3.7446271161674337E9
3.0773637564577667E10
1.3301429132721796E11
1.2203404178919036E12
5.502606938188432E12
1.774058153967684E13
7.734835272983523E12
9.263001633560933E11
5.5035049396503685E10
7.408614578352476E9
5.75200455517988E8
0.0
2.8376770350499434E9
1.5432025076228645E10
5.405942680083424E10
4.0541211944314825E11
2.493228729651422E12
8.272608069588542E12
4.0810282430135444E12
5.77300068728832E11
8.357462736676254E10
2.5727189403002487E10
1.8789702727576838E9
0.0
1.0481327279267475E10
1.7258146984113853E10
9.360420240703957E10
3.188561093383722E11
7.488269884054966E11
1.5246394743490967E12
1.2530728097801626E12
5.162402829029137E11
4.367215432577452E10
6.913159937755799E9
3.5462892179605093E9
0.0
2.7205237375618896E9
8.549704658932439E9
6.008818570769895E10
1.220301981357962E11
2.3623301854749814E11
4.2820644595173584E11
3.8143665678486597E11
1.6395147727509537E11
2.5281436983922672E10
3.7229874798809996E9
1.2723771857303207E9
0.0
1.7928494869387224E9
2.9652954479102464E9
1.1609721340975454E10
5.975743390592744E10
2.4516190625094568E11
0.0
2.3103958010149722E11
7.96513396847451E10
3.078310217108229E10
1.4543931811505123E10
3.1258897778871956E9
0.0
6.669660175091199E9
1.2461089487134901E10
5.634903023141334E10
1.0325509261737885E11
1.2364800872524138E12
9.295687877802113E12
7.550057708115764E11
4.369100716214763E11
1.678920443889049E11
1.6159481726188364E10
5.356988659162809E9
0.0
9.130944927777126E9
2.3501482648085667E10
7.23464942408052E10
2.029078466502813E11
3.8264859779488525E12
9.06885655032494E12
2.3643732961521577E12
2.550216617728303E12
1.0529180170756543E12
1.4019461600534616E11
1.6013132023646526E10
0.0
4.4472658794354315E9
7.007773018808638E10
4.9375916914169653E11
3.9567945089880483E12
1.7915320817744E13
1.0170066041594139E14
2.2088595624805777E13
9.692105362758885E12
4.860986080927072E12
8.530979504739568E11
1.2351092049632779E11
0.0
2.937092741369003E10
1.485789116499126E11
3.4013802525673364E12
1.3946121974569314E13
1.1686709847108697E14
3.399886407228056E14
1.400025056101576E14
2.0860427413489926E13
2.4785283350025957E12
6.105313489449655E11
8.142636901664346E10
0.0
2.9698643043538685E9
6.219677870625357E10
2.411081886912187E12
3.989253344283538E13
1.9662582089947166E14
1.4823659096042185E15
1.9132074617675844E14
2.9966574588900074E13
3.0874317410267114E12
6.027820340060333E11
5.8040076717232346E10
0.0
0.0
0.0
0.0
0.0
0.0
9.282164030258448E13
0.0
0.0
0.0
0.0
0.0
0.0
1.6492747454161816E9
6.828244055473349E9
2.865216611963058E10
3.8066051495745526E11
4.654418970251623E12
2.0507635478308574E13
4.35842303265057E12
2.1277297790105853E11
3.7153445754848656E10
3.4380304001535835E9
2.6894113427393603E8
0.0
5.965603964956211E9
2.173589420082136E10
3.870476377466196E10
1.4596301290706454E11
1.0858245258477964E12
5.613062345619985E12
1.8870981602083616E12
3.549500650158313E11
3.408498916420652E10
5.58762586109205E9
1.2133494044457521E9
0.0
4.171663828569117E9
1.3861591222822521E10
5.4068093139507355E10
1.5654876257304095E11
3.270087555388719E11
7.043648869891637E11
4.0360347127632214E11
1.8725334770935782E11
1.9642939464484062E10
2.741351231278328E9
1.2762576532936833E9
0.0
1.2099636400780473E9
5.394597063126681E9
1.7011151938228216E10
6.915781155357042E10
2.973938247060412E11
2.2756868413122913E11
3.6384790747911127E11
1.5122405921830222E11
2.4549547032421234E10
8.739449486936161E9
4.842045749330612E9
0.0
6.48803075210384E9
1.160928982736586E10
5.122793680787686E10
1.8132835480102457E11
1.3221442309243262E12
1.8651275542795215E11
7.428917307062092E11
2.876707735504014E11
1.10657844156811E11
3.7644377677083176E10
4.12352283871424E9
0.0
1.6869047688803715E10
4.33732982623239E10
1.8957480624484628E11
7.192527864818058E11
4.775180986241941E12
0.0
3.1583940522440347E12
1.4075313445911926E12
8.264264994693534E11
1.0171736397046254E11
2.238179212144227E10
0.0
3.034999851034733E9
3.831349199230943E10
2.9909795943266003E11
5.732184035265906E12
1.1368226407651812E13
4.7894015260451055E13
1.1475642677425062E13
1.0659105194807441E13
2.2361774094469478E12
7.973049111568595E11
1.021652628062876E11
0.0
3.2088675583962387E10
2.735650909084625E11
2.8130154350496523E12
2.6715272165023695E13
5.627467216696534E13
2.8293491465326475E14
6.338552346581346E13
2.9653293794737797E13
5.164749708865607E12
1.0293761338483959E12
1.6678908486248657E11
0.0
1.4474060759551027E10
7.674774713852762E10
7.771576221627327E12
3.791488525812604E13
2.7786659351095928E14
5.830183857280962E14
2.57908860900081E14
3.550013473681362E13
7.205271654455033E12
1.1686327163298438E12
2.2148439833681348E11
0.0
1.6694155747216045E10
4.522651540736459E10
7.650783150428906E12
8.947235234023527E13
4.986495760908544E14
1.2571393492288568E15
3.0335854386269344E14
7.694188662870331E13
6.61154567072824E12
1.4755092614217526E11
3.610099333974948E10
0.0
0.0
0.0
0.0
0.0
0.0
0.0
0.0
0.0
0.0
0.0
0.0
0.0
0.0
0.0
0.0
0.0
0.0
0.0
0.0
0.0
0.0
0.0
0.0
0.0
0.0
2.5604142104941206E9
1.9395191538301395E10
1.3080496563962636E11
1.1608058129927307E12
1.39936630537963E13
1.544262954628525E13
3.3933963461297705E12
3.785592351853433E11
2.7397145490018314E10
5.331145118660525E9
0.0
0.0
2.1484754471886373E9
1.0932584828409557E10
7.06966729429897E10
8.116350165050779E11
5.953181101788656E12
8.635611386099522E12
3.0525532653084985E12
5.912488244020664E11
1.1626875938494864E11
1.5317319650101059E10
0.0
0.0
7.048116282633619E9
3.8746208321202484E10
1.2304320589894252E11
6.108080018470878E11
1.4210223966045215E12
2.5960604858909336E12
1.5864896922181433E12
3.728820204086625E11
4.596398468653794E10
9.96458817142398E9
0.0
0.0
3.524724802356475E9
1.0483382476288605E10
4.805839700499888E10
1.3428158877515887E11
3.0814850068461334E11
4.274442654122284E11
4.1043061941392694E11
8.556959121059084E10
9.005744123842491E9
2.8849866415574155E9
0.0
0.0
1.649137368345409E9
2.629893685653101E9
1.8807527075957176E10
5.9838521138546364E10
1.8376519450421594E11
1.2331973873070819E11
2.0286735686676315E11
9.68449865003199E10
3.3960210509873657E10
1.6732509633089672E10
0.0
0.0
5.781129535558469E9
1.0826351861116741E10
4.476211539590336E10
1.4395791356280606E11
0.0
6.630308184454507E11
6.06775626904884E11
3.0896982014532666E11
1.8672215423055368E11
3.132326776911518E10
0.0
0.0
8.289415978611466E9
5.578110884170776E10
9.01987852223569E10
1.072386006751978E12
4.886423406092758E12
5.548249476134197E12
2.365014672768338E12
3.979905168524956E12
4.8426128330449744E11
4.2982127895812454E10
0.0
0.0
8.565773804606032E9
3.596149568123909E10
2.8920067750695544E11
2.94840085751748E12
1.5127627043287377E13
3.788383977426265E13
2.674776612741675E13
9.434628362323451E12
3.8645324464835083E12
6.507057871137574E11
0.0
0.0
3.0131693884958214E10
3.236185165604674E11
5.336569734126451E12
3.1794491607746746E13
7.096570170818303E13
2.1954327162880056E14
7.151577983245666E13
1.8306052524219457E13
3.9147193720864795E12
6.162008160103921E11
0.0
0.0
1.7094165214993778E10
1.0289438448887497E11
6.949161013369618E12
7.328393963579378E13
4.077294567824015E14
5.967434098521738E14
1.5255395312805075E14
3.016767475035438E13
3.588308253748428E12
6.101889285285509E11
0.0
0.0
2.548271136288471E9
1.5083114987297888E11
7.614109384359024E12
8.900298192581123E13
9.797394710658355E14
1.1745687942452325E15
1.8570688380842922E14
2.8376464025270203E13
1.5664971057416584E12
1.4700310885721014E11
0.0
0.0
0.0
0.0
0.0
0.0
0.0
0.0
0.0
0.0
0.0
0.0
4.642039719990696E9
1.2888924225574953E10
7.989676183433203E10
5.057359734599606E11
2.951349786286042E12
1.5569046673964281E13
1.4658421064327992E13
1.557953181374044E12
1.0230613881237212E11
8.245428733820144E9
4.947209498811396E8
0.0
3.1327886912291856E9
1.1086069766920582E10
5.160020350197039E10
3.312913170515582E11
2.1286787366761487E12
8.531906765847632E12
5.801616895670438E12
1.3813217484458696E12
1.3568191404207756E11
1.2185557566502245E10
1.1093672697858415E9
0.0
4.2905762241137223E9
2.8833926331618073E10
8.023301126879897E10
2.4491735682191873E11
7.832923922651821E11
2.9568380570160215E12
2.1759002869962E12
5.889513925888005E11
9.727766033015805E10
1.3724866095933321E10
1.9263909842252152E9
0.0
4.557477813910303E9
1.12506161609582E10
3.250547274774234E10
1.1574288133183838E11
1.92632013327412E11
4.216705081579606E11
3.6560066671163617E11
1.4191204458194516E11
2.3584210304637207E10
2.0599501358426538E9
1.2638900777699587E9
0.0
1.0194628571537374E9
3.2390315735180936E9
1.2974602803977608E10
3.3392222366045002E10
2.1862819071006052E11
9.669429197016428E10
2.8707611917726514E11
8.611688413986664E10
2.5037836016889565E10
7.831792483267893E9
3.350077710513125E9
0.0
9.66735048459292E9
1.3780225415017052E10
3.2852407903625927E10
2.1802038584897626E11
9.535920558359913E11
2.0368221859064644E12
0.0
3.800561139568813E11
1.7356163139045886E11
3.1148479736735092E10
8.5836851766147175E9
0.0
5.456722535479349E9
3.3549864929541687E10
1.4443073545500238E11
6.23757881142523E11
2.6737261497505933E12
1.2703962182613318E13
2.419407919139536E12
2.3676522768217856E12
7.174113382690316E11
8.975642143272787E10
4.390809801990595E9
0.0
5.471812626953304E9
4.252685620148006E10
2.733119303124358E11
2.0318201631395647E12
1.0939891939283844E13
5.169811577388002E13
2.0722965183717402E13
1.1413582061524572E13
3.682563224342748E12
1.1247763965054854E12
9.136160301577036E10
0.0
2.7364833209683105E10
2.5703338687369382E11
1.507935820528442E12
1.4338534017185713E13
8.74082155104455E13
1.4813866729797028E14
7.97168499831069E13
2.613925751987799E13
8.449589822397395E12
5.94141171734467E11
1.7306040168672693E11
0.0
2.6389818627045033E10
6.0767925998434814E10
6.832899103123397E11
3.8176242745599234E13
2.0806260580542447E14
6.752377263937075E14
4.980251094152298E14
7.109998274948822E13
7.403572278591143E12
7.541872550809911E11
1.4636400060921246E11
0.0
1.1308766091108843E10
4.703433345151424E10
1.8050076307717056E12
2.9659419526539004E13
3.0974335840432256E14
1.0812118364133841E15
8.034248931260819E14
7.27862125070964E13
4.537061635948517E12
3.2340453162228455E11
1.516691351147094E10
0.0
0.0
0.0
0.0
0.0
0.0
0.0
0.0
0.0
0.0
0.0
0.0
0.0
0.0
1.2874239519187303E9
1.7158760628896786E10
7.870004208579288E10
4.5376942446112317E11
5.637158362230567E12
3.1408701970154832E13
6.429286676471506E12
9.799735302119333E11
8.013339323959363E10
3.2323802794769077E9
4.361898072879506E7
0.0
1.7957142854443316E9
6.232378095218958E9
7.823360257937192E10
4.1946923969197675E11
5.521860595973284E12
9.822516053798818E12
4.136860553430051E12
8.781900721792686E11
9.27633199291958E10
1.7435191210962723E10
1.4194934260107965E9
0.0
9.219813273367712E9
2.948635648111768E10
7.177873872348456E10
2.7479717409824292E11
1.4282909067300632E12
2.3116886373647236E12
2.1480169158970652E12
7.128566811245142E11
8.88421515701712E10
4.991599363443283E9
2.829659192449316E9
0.0
2.4055589337643003E9
1.2370056893113663E10
4.717859594565605E10
1.205532843326231E11
2.287279184335703E11
6.945667440827073E11
4.635419161088748E11
5.792567200394614E10
1.9396983772562107E10
2.269293440137434E9
8.141551314041127E8
0.0
1.5215089630470169E9
4.507448129532557E9
1.6727227657240257E10
7.146141765719415E10
2.5199509854418765E11
1.368837116708147E11
1.2430480121742844E11
9.615559673236818E10
9.923376054593029E9
1.1938185828908072E10
4.395028079597365E9
0.0
6.88878546477198E9
9.755806351367702E9
4.958844735233572E10
8.604658462414319E10
1.2653218277337446E12
0.0
9.962562709952161E11
2.7090513335422925E11
1.1204397748749129E11
3.944136805631732E10
4.757340849977674E9
0.0
8.592040547356966E9
4.160377525452229E10
1.3993085435929224E11
4.860924357829613E11
2.922778022220666E12
8.261327317147037E12
3.7982068465463525E12
3.6235546438134575E12
7.037115192146948E11
9.646241914388301E10
1.4308763819367205E10
0.0
5.885256718730309E9
5.83564343708473E10
2.3871644300095288E11
6.581585047643658E12
1.2972854710953371E13
7.327898270095103E13
2.525463646262091E13
1.193869402441099E13
2.459260286645912E12
9.478087463400906E11
1.034315273801201E11
0.0
2.5965841700071075E10
1.4212921955246136E11
3.0666530004951934E12
2.3395748131009914E13
9.923969605559923E13
1.5669543390468356E14
8.937681436367538E13
1.6744972370395162E13
4.8451834573025625E12
7.191873204995525E11
1.2172908797250777E11
0.0
1.666563197061534E10
1.0996264649592781E11
7.094694017396361E12
5.847956622420602E13
3.294402055619342E14
7.066935521222074E14
3.349780497517205E14
3.691359688972616E13
4.427737554981272E12
6.461310552516454E11
1.4388389381837424E11
0.0
2.628246429052249E9
3.901735153129794E10
2.519301456852305E12
1.412028841223794E14
2.975334222656045E14
3.5892465495482135E15
3.5118438633401875E14
4.091532389755138E13
2.822230788163823E12
4.557061411927536E11
9.218724953836166E9
