0.0
0.0
0.0
0.0
0.0
0.0
0.0
0.0
0.0
0.0
0.0
0.0
0.0
0.0
0.0
0.0
0.0
0.0
0.0
0.0
0.0
0.0
0.0
0.0
0.0
875584.3356791189
1.795593608494073E7
7.42353668168047E7
9.04543160382601E8
3.6754557202913685E9
8.762710596752789E9
2.4056887558963966E9
2.4915811970114735E8
7.436152262041686E7
1.2605988339036033E7
1704871.9242479876
0.0
1823290.1041490324
3.3562844177080885E7
1.2772408416343823E8
7.917464260085179E8
1.4340276724516525E9
3.2382231053468146E9
1.139205669745905E9
4.0674918992195445E8
2.990625674413474E7
9715447.520533942
1071117.1386089884
0.0
2746238.6627619644
1.552741790001807E7
9.392212542001706E7
2.6422705028164682E8
6.803170173604875E8
1.14639127914242E9
4.6228979826516736E8
2.16708106448326E8
4.994314032388818E7
2503092.4347587107
2477951.4799314956
0.0
2042902.0249999098
6635871.99797241
2.7270154214242607E7
1.2744593627091156E8
2.5996993463245666E8
2.085894146923941E8
2.3572475188588047E8
5.595391815228826E7
2.1554273827136144E7
8343627.263233955
1445107.730892676
0.0
1062685.105607338
6599031.182645781
2.0344210542265926E7
4.750690490529388E7
7.62535606159503E7
0.0
2.4028775273075414E8
5.418965898135525E7
1.3145477061374567E7
9367894.512370411
1852551.8917784113
0.0
4024351.486898987
1.462698908533533E7
2.579698071834042E7
1.0469446537130788E8
5.862169547965167E8
2.1432816785530934E9
1.00854515371076E9
1.7835544559458393E8
6.790031215239598E7
6752313.004391107
4377779.425826944
0.0
2984205.2942055
4.0291105681248456E7
1.1128162650477159E8
3.0784475099383616E8
1.9493846891643298E9
4.677028531688503E9
2.5046415053325863E9
6.529025551421264E8
1.4822752978891218E8
3.1297045813718893E7
1.1931556973061662E7
0.0
5546645.625720338
6.683511427949189E7
4.7632678746745616E8
1.6967128754130926E9
8.531286926329244E9
2.1590645750390236E10
9.479243627626188E9
1.7919015532449234E9
3.463033178515861E8
6.894994551943956E7
4909475.618131019
0.0
2.4509609896808136E7
1.1330643065387729E8
1.4617976081585114E9
4.498247072355918E9
3.567440052272761E10
1.8221954552983344E11
5.0597193078724945E10
8.096778676932538E9
9.313822371718154E8
2.1245494963924733E8
1.8738254240764655E7
0.0
3970860.90833483
1.0981192424153599E8
2.3971856262351575E9
2.4475159298292297E10
1.5349933783376123E11
1.3192101944044624E12
3.105983467932047E11
5.244435479397778E10
1.6183365213652682E9
1.5100258359735304E8
4958873.318722288
0.0
0.0
0.0
0.0
0.0
0.0
5.8661490405343994E10
0.0
0.0
0.0
0.0
0.0
0.0
1540087.7745387466
1.9114054393713806E7
1.2901237641027066E8
4.9686901189302963E8
1.841565736267073E9
1.1103495191116163E10
1.3918061717170038E9
1.778151591475542E8
1.1086819724005803E7
6286043.984954873
1275848.762233671
0.0
2682977.0355264503
9982158.401184708
6.5661718004360884E7
4.7404629191934454E8
9.006641374598268E8
1.910405134094102E9
6.817702867317431E8
1.4451954898945555E8
2.4753554191656977E7
6227172.164412908
767472.1719211302
0.0
1647950.8558284657
7836769.842487919
2.906270032767123E7
8.859562649634321E7
2.88302506400772E8
5.286730932205318E8
3.1677883335309154E8
8.281451672705157E7
3.309665753172413E7
5795352.451228277
1113198.6820235548
0.0
736348.6814882504
7294898.073170569
1.192237135650697E7
3.394806139540383E7
1.025543595693377E8
1.15561804697797E8
3.431683656190461E8
3.872533534960537E7
1.9217364792882886E7
1.0169770805581585E7
1448068.9971416646
0.0
5848329.751537646
6196443.911161655
4.2970377403892495E7
6.5331300997929156E7
3.52580070870759E8
1.1602406028270075E8
7.711831113199939E8
1.855316052374107E8
5.158858175651073E7
7170586.758713497
4885676.855360344
0.0
9683713.87633591
3.553692397271946E7
8.430281654345831E7
2.6671282281502953E8
1.7933999734289129E9
0.0
2.7322324890352283E9
2.2985225117976648E8
1.3649031009423855E8
3.369139390066994E7
1.639687686740428E7
0.0
1.1484947130315762E7
1.1670616946075788E8
4.156404634349201E8
1.6055053452450128E9
6.449043205599742E9
1.093529881631038E10
6.837573739313753E9
1.5919005063601384E9
7.377164198257432E8
9.806472239669111E7
2.3264423670807313E7
0.0
1.752195371542669E7
1.7114444117606804E8
2.262218279752134E9
7.213035439612559E9
2.9162159338725906E10
4.817988659005571E10
2.580843617640057E10
6.718359463779963E9
9.802395673925238E8
4.1394122482535696E8
4.450671085489998E7
0.0
1.639692399444322E7
2.432150143992732E8
4.34621382518782E9
1.5827279015564972E10
5.816114765655513E10
4.959934944913891E11
2.2017374577180298E11
2.9220821631583626E10
2.183352937892788E9
1.4922107930480933E8
1.5043602547444057E7
0.0
1289813.900598454
1.0071598274504256E8
6.659926389940989E9
4.733466610571471E10
2.4017969430166934E11
1.5461265258966082E12
4.9499832065455145E11
3.2586242452109177E10
2.634358921815672E9
7.80690981265289E7
5208812.027710516
0.0
0.0
0.0
0.0
0.0
0.0
0.0
0.0
0.0
0.0
0.0
0.0
0.0
0.0
0.0
0.0
0.0
0.0
0.0
0.0
0.0
0.0
0.0
0.0
0.0
0.0
1889317.50222928
1.6615049724721456E7
8.927176025886494E7
9.717628666945412E8
8.409904247405865E9
7.72200781452598E9
9.145693138877122E8
1.9712958219081214E8
4.8284674140048474E7
4762556.150329795
0.0
0.0
3143789.353779095
2.983410111891215E7
1.774214646664841E8
6.551586331678294E8
2.423905870640079E9
3.199454748284656E9
8.215962677962136E8
1.0091245459741166E8
2.615719689459377E7
9328825.14686457
0.0
0.0
1841696.5509034502
1.5292473894834265E7
7.19412057801908E7
3.430510327953202E8
7.50913557585046E8
1.2838593002107816E9
4.138046512484E8
1.0425488469565396E8
1.8600539783333715E7
7074314.817195068
0.0
0.0
2365283.1951712593
1.0808143960947074E7
2.2780226943579976E7
7.834779129288155E7
2.505322378759259E8
4.808271204007989E8
1.9941068975378475E8
8.930164470811576E7
3.548912627037792E7
1.0196872773520237E7
0.0
0.0
1370941.815026274
5571437.99588498
1.3202757200331226E7
5.180423266967149E7
8.681860489488664E7
5.561443759963166E7
2.692255011025753E8
8.209724993187584E7
3.0932125858097415E7
7357739.9256232185
0.0
0.0
4380068.071355688
1.4034492005931005E7
4.761458887490817E7
9.845117745493655E7
0.0
9.985522246112541E8
9.581729579007411E8
2.4811207295882854E8
4.5874191834577665E7
9576717.898789084
0.0
0.0
4061025.8768426487
2.322259866846109E7
6.667980027337438E7
3.2142570750010186E8
1.3004923535066333E9
2.433305003255308E9
1.4176381049493303E9
2.2401755344411314E8
1.393437395996376E8
3.747322965420475E7
0.0
0.0
1.0580871143705841E7
9.3179234776731E7
5.268769765710202E8
2.901013219993266E9
7.212093431106985E9
1.403414963329451E10
6.681435779300963E9
2.025134454266089E9
3.104746030850663E8
1.095438073924638E8
0.0
0.0
2.2676352455038708E7
2.399709211274158E8
1.9473806624287941E9
6.973351762354691E9
4.826487784084994E10
7.012491257662894E10
2.6377660964786648E10
3.007443007061631E9
1.1110450919719644E9
2.3585523356640673E8
0.0
0.0
1.3552786696316287E7
3.6440719029811096E8
6.958829013377834E9
2.0683330282713707E10
3.25520256195949E11
9.190981370900583E11
2.7114382120035226E11
2.736420252034359E10
2.271941420732145E9
2.356588018654676E8
0.0
0.0
1203758.340691251
2.750597340233252E8
5.365193965546083E9
1.0688532055945157E11
1.2933180216909421E12
1.1592947433915505E12
1.9297000085236084E11
4.5293751952605644E10
2.0861429204951122E9
6.496000584234284E7
0.0
0.0
0.0
0.0
0.0
0.0
0.0
0.0
0.0
0.0
0.0
0.0
1568766.9904320727
1.2382302986589868E7
7.624518465781197E7
3.04223236988817E8
1.6337254679205446E9
9.449172499876678E9
6.36175894842755E9
4.533542342938068E8
7.083771133764184E7
1.0551871353532493E7
589214.1162466749
0.0
880566.463725328
2.6701974548500735E7
1.5768362234448949E8
5.068592214153701E8
1.4073621539951031E9
2.1466626571096058E9
2.025426850660842E9
2.185568846931629E8
3.1284281954946578E7
5217596.212048698
2018223.8302181114
0.0
2874848.816617761
1.059801512623661E7
3.225723104091892E7
2.2673175430211818E8
5.456794724777462E8
1.332192462192335E9
6.351594977489845E8
2.207432454552036E8
4.945535052627367E7
3655588.976070151
2287527.648826751
0.0
2460358.734232378
9318752.46342246
3.1553033100323435E7
6.970522950450285E7
1.922445905538938E8
5.383577938273671E8
2.0461343025628012E8
7.97079843505005E7
2.5436462926411398E7
1.318934566708665E7
2379585.6108939624
0.0
1422314.704261866
2895683.5950421407
1.6344408448716652E7
4.743772685593833E7
1.377363484357054E8
6.271573155885931E7
2.2497976997230494E8
8.945610934022789E7
1.919356946141281E7
4274609.697856771
1634699.3585984309
0.0
4501385.298191844
1.4554339107147027E7
4.864433476796549E7
1.2423373916043863E8
3.2425889452337253E8
1.7615337842063686E8
0.0
2.768618881349275E8
8.125188573647396E7
1.4540689089155229E7
4230616.619441517
0.0
3073238.23428368
2.94766838711726E7
1.0482007013352494E8
3.847703152598336E8
8.095099597154714E8
4.617855941262923E9
2.681207435829059E9
6.355518230249182E8
2.0804141092404407E8
2.0199558655822214E7
1.2875916033022605E7
0.0
7529537.017635595
7.582445449892591E7
5.872145273486269E8
1.4422302872432003E9
9.14637801255587E9
1.2868950221350388E10
5.943695348449876E9
2.5490562875393863E9
5.464623480610006E8
1.3371939027083832E8
1.9086030928989176E7
0.0
2.234382395281706E7
1.1859633840862817E8
1.456128459834248E9
7.899972294790501E9
4.206511571873528E10
1.8872434562472003E11
3.905560011660973E10
4.360940142725701E9
1.435295617982561E9
2.4824762375146997E8
6.455284742334714E7
0.0
1.4451462123526715E7
1.6967491571433422E8
1.7630477928893747E9
1.872348435514785E10
8.338142853272443E10
6.10754098934834E11
4.887105577391169E11
7.126382596787292E10
4.3670244520204935E9
2.5689787545126557E8
1.5732946485887047E7
0.0
384053.0253604229
6341390.60389909
1.9773394914207616E9
3.3072942511404255E10
2.5072583803544116E11
1.4375532993631074E12
1.3551957940660964E12
9.610523324696602E10
8.517732396646816E9
3.2850281389557146E7
4324034.138494395
0.0
0.0
0.0
0.0
0.0
0.0
0.0
0.0
0.0
0.0
0.0
0.0
0.0
0.0
1478270.9500179435
1.0697858693753138E7
6.090661795696002E7
5.2549666843956506E8
3.001282090475699E9
2.5462296936435837E10
1.7016725983092837E9
2.834609616603165E8
5.225317675693609E7
1.4834229454790846E7
843717.5454485718
0.0
1306559.2992608452
3.965536639479506E7
1.26338704556221E8
7.038401531332064E8
2.4887841742986736E9
3.7025844914452863E9
1.6281555566388628E9
2.935068890608377E8
2.8620028305379003E7
1.0797065232909191E7
1587819.2480532534
0.0
2084038.2977776239
1.3301966128698949E7
4.2294965941639125E7
2.650015634568761E8
6.882597932888743E8
1.3118038395266986E9
4.6194217837679666E8
2.3591634684571493E8
4.548285523056951E7
4703703.794156058
902736.0510168584
0.0
2231380.646482869
1.0730173858553061E7
1.9195967172893424E7
5.4200119472819656E7
1.2124096496679509E8
4.709439842695804E8
2.6784956077473506E8
9.69260149543394E7
2.9179711469297342E7
7644666.432429029
2190802.864383341
0.0
1187867.8242678754
2955904.352163066
1.506852035994491E7
3.83614929693591E7
6.899063868528157E7
7.146246017465964E7
4.181224803793472E8
5.892920280043645E7
1.3208247503279457E7
1.129071933948173E7
2423645.4015138038
0.0
1604695.4581580507
1.4176415933185011E7
2.242790641194669E7
7.446279215551044E7
3.556286930150864E8
0.0
5.338286580753252E8
2.328453799643632E8
3.0756950008045897E7
1.1611348810173294E7
5129677.580628345
0.0
4014751.9284399725
2.939802834889092E7
5.2980748633402385E7
3.6165405653346354E8
1.6322106261136854E9
3.803069304002528E9
1.9676301325570192E9
3.8759818119714665E8
1.989480409843351E8
2.8412345629918545E7
1.6942075728092294E7
0.0
1.5521228887614546E7
8.912999568113577E7
5.023842895853406E8
4.339112873739046E9
8.240655699395783E9
1.2823473470345818E10
6.055093652139164E9
1.2363278141405706E9
6.936908445552388E8
9.885374711630431E7
1.124687969748262E7
0.0
1.7051663396501034E7
1.5640312445519048E8
1.1448927779997675E9
8.598116444857494E9
3.0532244969749798E10
8.935763410374959E10
5.353632393539303E10
5.04739305697389E9
1.2968831566117158E9
3.3568726364704996E8
1.896582909219837E7
0.0
8408446.734634172
1.3938244050408816E8
4.373989870665661E9
2.283759160133951E10
2.282430089334909E11
7.709015107917314E11
4.0805042766479767E11
5.1309785951854706E10
5.480861513127639E9
1.6673124730632085E8
6217361.56138261
0.0
1171410.930549569
1.5925024764823684E7
4.1832973347686825E9
2.201143725056672E10
2.5071762622636395E11
3.297802167103256E12
3.9398887014192224E11
2.6436253051886593E10
1.3269492408216383E9
8820728.475962397
3121618.962975359
